(1, 1) 1
(1, 43) 1
(1, 87) 1
(1, 118) 1
(1, 151) 1
(1, 176) 1
(1, 212) 1
(1, 236) 1
(1, 250) 1
(2, 1) 1
(2, 44) 1
(2, 81) 1
(2, 119) 1
(2, 152) 1
(2, 172) 1
(2, 211) 1
(2, 237) 1
(3, 1) 1
(3, 45) 1
(3, 88) 1
(3, 117) 1
(3, 145) 1
(3, 180) 1
(3, 214) 1
(3, 238) 1
(4, 2) 1
(4, 44) 1
(4, 84) 1
(4, 120) 1
(4, 149) 1
(4, 177) 1
(4, 204) 1
(4, 238) 1
(5, 2) 1
(5, 46) 1
(5, 89) 1
(5, 121) 1
(5, 148) 1
(5, 171) 1
(5, 212) 1
(5, 237) 1
(6, 2) 1
(6, 47) 1
(6, 85) 1
(6, 122) 1
(6, 153) 1
(6, 179) 1
(6, 207) 1
(6, 236) 1
(7, 3) 1
(7, 44) 1
(7, 90) 1
(7, 123) 1
(7, 150) 1
(7, 178) 1
(7, 212) 1
(7, 239) 1
(8, 3) 1
(8, 48) 1
(8, 82) 1
(8, 117) 1
(8, 154) 1
(8, 182) 1
(8, 206) 1
(8, 240) 1
(9, 3) 1
(9, 49) 1
(9, 91) 1
(9, 121) 1
(9, 155) 1
(9, 183) 1
(9, 208) 1
(9, 238) 1
(10, 4) 1
(10, 45) 1
(10, 83) 1
(10, 111) 1
(10, 155) 1
(10, 185) 1
(10, 213) 1
(10, 237) 1
(11, 4) 1
(11, 50) 1
(11, 85) 1
(11, 123) 1
(11, 156) 1
(11, 174) 1
(11, 209) 1
(11, 240) 1
(12, 4) 1
(12, 51) 1
(12, 92) 1
(12, 120) 1
(12, 151) 1
(12, 186) 1
(12, 210) 1
(12, 239) 1
(13, 5) 1
(13, 45) 1
(13, 93) 1
(13, 122) 1
(13, 141) 1
(13, 186) 1
(13, 215) 1
(13, 234) 1
(14, 5) 1
(14, 52) 1
(14, 91) 1
(14, 115) 1
(14, 147) 1
(14, 185) 1
(14, 214) 1
(14, 239) 1
(15, 5) 1
(15, 53) 1
(15, 89) 1
(15, 118) 1
(15, 154) 1
(15, 187) 1
(15, 216) 1
(15, 241) 1
(16, 6) 1
(16, 46) 1
(16, 94) 1
(16, 116) 1
(16, 157) 1
(16, 185) 1
(16, 215) 1
(16, 240) 1
(17, 6) 1
(17, 54) 1
(17, 88) 1
(17, 123) 1
(17, 158) 1
(17, 187) 1
(17, 213) 1
(17, 242) 1
(18, 6) 1
(18, 55) 1
(18, 95) 1
(18, 118) 1
(18, 149) 1
(18, 188) 1
(18, 217) 1
(18, 233) 1
(19, 7) 1
(19, 46) 1
(19, 96) 1
(19, 124) 1
(19, 150) 1
(19, 186) 1
(19, 217) 1
(19, 242) 1
(19, 252) 1
(20, 7) 1
(20, 56) 1
(20, 83) 1
(20, 119) 1
(20, 153) 1
(20, 187) 1
(20, 215) 1
(20, 243) 1
(21, 7) 1
(21, 57) 1
(21, 86) 1
(21, 117) 1
(21, 156) 1
(21, 188) 1
(21, 216) 1
(21, 239) 1
(22, 8) 1
(22, 47) 1
(22, 88) 1
(22, 124) 1
(22, 146) 1
(22, 189) 1
(22, 215) 1
(22, 241) 1
(23, 8) 1
(23, 58) 1
(23, 91) 1
(23, 125) 1
(23, 151) 1
(23, 181) 1
(23, 216) 1
(23, 240) 1
(23, 254) 1
(24, 8) 1
(24, 59) 1
(24, 86) 1
(24, 107) 1
(24, 152) 1
(24, 185) 1
(24, 217) 1
(24, 243) 1
(25, 9) 1
(25, 47) 1
(25, 97) 1
(25, 126) 1
(25, 154) 1
(25, 190) 1
(25, 214) 1
(25, 242) 1
(26, 9) 1
(26, 60) 1
(26, 87) 1
(26, 121) 1
(26, 143) 1
(26, 184) 1
(26, 215) 1
(26, 244) 1
(27, 9) 1
(27, 61) 1
(27, 98) 1
(27, 127) 1
(27, 152) 1
(27, 189) 1
(27, 218) 1
(27, 245) 1
(28, 10) 1
(28, 48) 1
(28, 99) 1
(28, 122) 1
(28, 157) 1
(28, 191) 1
(28, 217) 1
(28, 241) 1
(29, 10) 1
(29, 62) 1
(29, 89) 1
(29, 125) 1
(29, 156) 1
(29, 190) 1
(29, 218) 1
(29, 243) 1
(30, 10) 1
(30, 63) 1
(30, 87) 1
(30, 124) 1
(30, 159) 1
(30, 192) 1
(30, 219) 1
(30, 229) 1
(31, 11) 1
(31, 48) 1
(31, 92) 1
(31, 127) 1
(31, 158) 1
(31, 192) 1
(31, 220) 1
(31, 243) 1
(32, 11) 1
(32, 64) 1
(32, 93) 1
(32, 125) 1
(32, 160) 1
(32, 193) 1
(32, 219) 1
(32, 231) 1
(33, 11) 1
(33, 65) 1
(33, 94) 1
(33, 119) 1
(33, 159) 1
(33, 194) 1
(33, 221) 1
(33, 241) 1
(34, 12) 1
(34, 49) 1
(34, 94) 1
(34, 126) 1
(34, 156) 1
(34, 177) 1
(34, 220) 1
(34, 244) 1
(35, 12) 1
(35, 66) 1
(35, 87) 1
(35, 128) 1
(35, 153) 1
(35, 193) 1
(35, 218) 1
(35, 242) 1
(36, 12) 1
(36, 67) 1
(36, 100) 1
(36, 129) 1
(36, 150) 1
(36, 180) 1
(36, 202) 1
(36, 241) 1
(37, 13) 1
(37, 49) 1
(37, 101) 1
(37, 127) 1
(37, 161) 1
(37, 195) 1
(37, 219) 1
(37, 246) 1
(38, 13) 1
(38, 68) 1
(38, 93) 1
(38, 124) 1
(38, 162) 1
(38, 182) 1
(38, 220) 1
(38, 245) 1
(39, 13) 1
(39, 69) 1
(39, 85) 1
(39, 118) 1
(39, 163) 1
(39, 193) 1
(39, 213) 1
(39, 244) 1
(40, 14) 1
(40, 50) 1
(40, 96) 1
(40, 128) 1
(40, 152) 1
(40, 166) 1
(40, 220) 1
(40, 246) 1
(41, 14) 1
(41, 64) 1
(41, 97) 1
(41, 129) 1
(41, 155) 1
(41, 188) 1
(41, 221) 1
(41, 244) 1
(42, 14) 1
(42, 70) 1
(42, 99) 1
(42, 120) 1
(42, 161) 1
(42, 196) 1
(42, 222) 1
(42, 245) 1
(43, 15) 1
(43, 50) 1
(43, 95) 1
(43, 130) 1
(43, 160) 1
(43, 191) 1
(43, 221) 1
(43, 245) 1
(44, 15) 1
(44, 66) 1
(44, 102) 1
(44, 131) 1
(44, 154) 1
(44, 195) 1
(44, 222) 1
(44, 247) 1
(45, 15) 1
(45, 71) 1
(45, 103) 1
(45, 129) 1
(45, 159) 1
(45, 196) 1
(45, 218) 1
(45, 246) 1
(46, 16) 1
(46, 51) 1
(46, 97) 1
(46, 130) 1
(46, 163) 1
(46, 192) 1
(46, 222) 1
(46, 246) 1
(47, 16) 1
(47, 68) 1
(47, 102) 1
(47, 132) 1
(47, 157) 1
(47, 197) 1
(47, 219) 1
(47, 248) 1
(48, 16) 1
(48, 72) 1
(48, 89) 1
(48, 128) 1
(48, 158) 1
(48, 198) 1
(48, 211) 1
(48, 247) 1
(49, 17) 1
(49, 51) 1
(49, 104) 1
(49, 133) 1
(49, 153) 1
(49, 197) 1
(49, 217) 1
(49, 247) 1
(50, 17) 1
(50, 73) 1
(50, 100) 1
(50, 131) 1
(50, 158) 1
(50, 196) 1
(50, 201) 1
(50, 248) 1
(51, 17) 1
(51, 74) 1
(51, 96) 1
(51, 132) 1
(51, 164) 1
(51, 183) 1
(51, 221) 1
(51, 236) 1
(52, 18) 1
(52, 52) 1
(52, 95) 1
(52, 132) 1
(52, 165) 1
(52, 189) 1
(52, 223) 1
(52, 240) 1
(53, 18) 1
(53, 65) 1
(53, 98) 1
(53, 131) 1
(53, 155) 1
(53, 198) 1
(53, 224) 1
(53, 249) 1
(54, 18) 1
(54, 75) 1
(54, 99) 1
(54, 134) 1
(54, 162) 1
(54, 190) 1
(54, 225) 1
(54, 238) 1
(55, 19) 1
(55, 52) 1
(55, 105) 1
(55, 126) 1
(55, 166) 1
(55, 178) 1
(55, 219) 1
(55, 243) 1
(56, 19) 1
(56, 67) 1
(56, 92) 1
(56, 134) 1
(56, 164) 1
(56, 199) 1
(56, 223) 1
(56, 247) 1
(57, 19) 1
(57, 76) 1
(57, 84) 1
(57, 133) 1
(57, 157) 1
(57, 200) 1
(57, 216) 1
(57, 249) 1
(58, 20) 1
(58, 53) 1
(58, 103) 1
(58, 123) 1
(58, 161) 1
(58, 193) 1
(58, 223) 1
(58, 248) 1
(59, 20) 1
(59, 69) 1
(59, 105) 1
(59, 110) 1
(59, 167) 1
(59, 186) 1
(59, 225) 1
(59, 245) 1
(60, 20) 1
(60, 77) 1
(60, 94) 1
(60, 130) 1
(60, 146) 1
(60, 199) 1
(60, 224) 1
(60, 250) 1
(61, 21) 1
(61, 53) 1
(61, 106) 1
(61, 134) 1
(61, 168) 1
(61, 201) 1
(61, 224) 1
(61, 251) 1
(62, 21) 1
(62, 78) 1
(62, 98) 1
(62, 125) 1
(62, 163) 1
(62, 200) 1
(62, 223) 1
(62, 252) 1
(63, 21) 1
(63, 79) 1
(63, 102) 1
(63, 135) 1
(63, 166) 1
(63, 202) 1
(63, 225) 1
(63, 244) 1
(64, 22) 1
(64, 54) 1
(64, 101) 1
(64, 135) 1
(64, 151) 1
(64, 190) 1
(64, 223) 1
(64, 249) 1
(65, 22) 1
(65, 65) 1
(65, 86) 1
(65, 133) 1
(65, 168) 1
(65, 203) 1
(65, 222) 1
(65, 248) 1
(66, 22) 1
(66, 74) 1
(66, 105) 1
(66, 136) 1
(66, 160) 1
(66, 198) 1
(66, 226) 1
(66, 251) 1
(67, 23) 1
(67, 54) 1
(67, 106) 1
(67, 137) 1
(67, 159) 1
(67, 197) 1
(67, 225) 1
(67, 252) 1
(68, 23) 1
(68, 66) 1
(68, 107) 1
(68, 120) 1
(68, 165) 1
(68, 200) 1
(68, 224) 1
(68, 253) 1
(69, 23) 1
(69, 77) 1
(69, 104) 1
(69, 136) 1
(69, 162) 1
(69, 203) 1
(69, 227) 1
(69, 249) 1
(70, 24) 1
(70, 55) 1
(70, 90) 1
(70, 135) 1
(70, 167) 1
(70, 192) 1
(70, 224) 1
(70, 247) 1
(71, 24) 1
(71, 68) 1
(71, 108) 1
(71, 138) 1
(71, 168) 1
(71, 204) 1
(71, 226) 1
(71, 242) 1
(72, 24) 1
(72, 75) 1
(72, 100) 1
(72, 121) 1
(72, 160) 1
(72, 205) 1
(72, 227) 1
(72, 250) 1
(73, 25) 1
(73, 55) 1
(73, 107) 1
(73, 139) 1
(73, 169) 1
(73, 180) 1
(73, 225) 1
(73, 251) 1
(74, 25) 1
(74, 78) 1
(74, 109) 1
(74, 137) 1
(74, 170) 1
(74, 195) 1
(74, 226) 1
(74, 250) 1
(75, 25) 1
(75, 80) 1
(75, 92) 1
(75, 140) 1
(75, 171) 1
(75, 189) 1
(75, 213) 1
(75, 252) 1
(76, 26) 1
(76, 56) 1
(76, 97) 1
(76, 136) 1
(76, 171) 1
(76, 201) 1
(76, 228) 1
(76, 250) 1
(77, 26) 1
(77, 67) 1
(77, 109) 1
(77, 138) 1
(77, 172) 1
(77, 191) 1
(77, 227) 1
(77, 251) 1
(78, 26) 1
(78, 79) 1
(78, 110) 1
(78, 141) 1
(78, 165) 1
(78, 203) 1
(78, 220) 1
(78, 252) 1
(79, 27) 1
(79, 56) 1
(79, 101) 1
(79, 139) 1
(79, 164) 1
(79, 184) 1
(79, 226) 1
(79, 239) 1
(80, 27) 1
(80, 72) 1
(80, 98) 1
(80, 138) 1
(80, 173) 1
(80, 201) 1
(80, 229) 1
(80, 253) 1
(81, 27) 1
(81, 80) 1
(81, 103) 1
(81, 122) 1
(81, 166) 1
(81, 204) 1
(81, 227) 1
(81, 254) 1
(82, 28) 1
(82, 57) 1
(82, 104) 1
(82, 127) 1
(82, 169) 1
(82, 205) 1
(82, 212) 1
(82, 253) 1
(83, 28) 1
(83, 69) 1
(83, 99) 1
(83, 137) 1
(83, 173) 1
(83, 202) 1
(83, 227) 1
(83, 255) 1
(84, 28) 1
(84, 81) 1
(84, 108) 1
(84, 130) 1
(84, 164) 1
(84, 206) 1
(84, 228) 1
(84, 254) 1
(85, 29) 1
(85, 57) 1
(85, 102) 1
(85, 140) 1
(85, 172) 1
(85, 206) 1
(85, 229) 1
(85, 255) 1
(86, 29) 1
(86, 70) 1
(86, 88) 1
(86, 142) 1
(86, 163) 1
(86, 194) 1
(86, 230) 1
(86, 253) 1
(87, 29) 1
(87, 82) 1
(87, 105) 1
(87, 139) 1
(87, 174) 1
(87, 204) 1
(87, 228) 1
(87, 256) 1
(88, 30) 1
(88, 58) 1
(88, 104) 1
(88, 141) 1
(88, 174) 1
(88, 199) 1
(88, 229) 1
(89, 30) 1
(89, 70) 1
(89, 109) 1
(89, 143) 1
(89, 167) 1
(89, 206) 1
(89, 231) 1
(89, 256) 1
(90, 30) 1
(90, 76) 1
(90, 101) 1
(90, 131) 1
(90, 175) 1
(90, 205) 1
(90, 228) 1
(91, 31) 1
(91, 58) 1
(91, 111) 1
(91, 128) 1
(91, 168) 1
(91, 205) 1
(91, 230) 1
(91, 255) 1
(92, 31) 1
(92, 74) 1
(92, 90) 1
(92, 142) 1
(92, 170) 1
(92, 187) 1
(92, 229) 1
(92, 254) 1
(93, 31) 1
(93, 79) 1
(93, 112) 1
(93, 139) 1
(93, 175) 1
(93, 206) 1
(93, 218) 1
(93, 253) 1
(94, 32) 1
(94, 59) 1
(94, 100) 1
(94, 140) 1
(94, 176) 1
(94, 207) 1
(94, 230) 1
(94, 254) 1
(95, 32) 1
(95, 72) 1
(95, 110) 1
(95, 142) 1
(95, 162) 1
(95, 188) 1
(95, 231) 1
(95, 255) 1
(96, 32) 1
(96, 81) 1
(96, 106) 1
(96, 144) 1
(96, 175) 1
(96, 208) 1
(96, 226) 1
(96, 256) 1
(97, 33) 1
(97, 59) 1
(97, 103) 1
(97, 143) 1
(97, 177) 1
(97, 198) 1
(97, 232) 1
(98, 33) 1
(98, 78) 1
(98, 108) 1
(98, 141) 1
(98, 178) 1
(98, 196) 1
(98, 230) 1
(98, 256) 1
(99, 33) 1
(99, 82) 1
(99, 111) 1
(99, 144) 1
(99, 171) 1
(99, 202) 1
(99, 221) 1
(99, 246) 1
(100, 34) 1
(100, 60) 1
(100, 96) 1
(100, 140) 1
(100, 173) 1
(100, 208) 1
(100, 216) 1
(101, 34) 1
(101, 71) 1
(101, 91) 1
(101, 142) 1
(101, 169) 1
(101, 209) 1
(101, 228) 1
(101, 248) 1
(102, 34) 1
(102, 79) 1
(102, 113) 1
(102, 119) 1
(102, 161) 1
(102, 207) 1
(102, 231) 1
(103, 35) 1
(103, 60) 1
(103, 106) 1
(103, 145) 1
(103, 178) 1
(103, 207) 1
(103, 232) 1
(104, 35) 1
(104, 75) 1
(104, 112) 1
(104, 146) 1
(104, 172) 1
(104, 208) 1
(104, 233) 1
(105, 35) 1
(105, 82) 1
(105, 113) 1
(105, 133) 1
(105, 170) 1
(105, 209) 1
(105, 234) 1
(106, 36) 1
(106, 61) 1
(106, 113) 1
(106, 147) 1
(106, 176) 1
(106, 191) 1
(106, 232) 1
(106, 256) 1
(107, 36) 1
(107, 73) 1
(107, 93) 1
(107, 137) 1
(107, 177) 1
(107, 208) 1
(107, 235) 1
(108, 36) 1
(108, 80) 1
(108, 114) 1
(108, 145) 1
(108, 174) 1
(108, 200) 1
(108, 233) 1
(109, 37) 1
(109, 61) 1
(109, 90) 1
(109, 144) 1
(109, 179) 1
(109, 199) 1
(109, 222) 1
(110, 37) 1
(110, 77) 1
(110, 115) 1
(110, 148) 1
(110, 180) 1
(110, 210) 1
(110, 232) 1
(111, 37) 1
(111, 83) 1
(111, 109) 1
(111, 132) 1
(111, 181) 1
(111, 205) 1
(111, 233) 1
(112, 38) 1
(112, 62) 1
(112, 107) 1
(112, 147) 1
(112, 173) 1
(112, 194) 1
(112, 233) 1
(113, 38) 1
(113, 71) 1
(113, 116) 1
(113, 134) 1
(113, 167) 1
(113, 207) 1
(113, 234) 1
(114, 38) 1
(114, 81) 1
(114, 114) 1
(114, 126) 1
(114, 170) 1
(114, 210) 1
(114, 235) 1
(114, 249) 1
(115, 39) 1
(115, 62) 1
(115, 112) 1
(115, 143) 1
(115, 179) 1
(115, 197) 1
(115, 234) 1
(116, 39) 1
(116, 76) 1
(116, 108) 1
(116, 148) 1
(116, 176) 1
(116, 209) 1
(116, 235) 1
(117, 39) 1
(117, 83) 1
(117, 114) 1
(117, 149) 1
(117, 182) 1
(117, 203) 1
(117, 230) 1
(118, 40) 1
(118, 63) 1
(118, 110) 1
(118, 145) 1
(118, 179) 1
(118, 195) 1
(118, 235) 1
(119, 40) 1
(119, 73) 1
(119, 95) 1
(119, 148) 1
(119, 181) 1
(119, 194) 1
(119, 214) 1
(120, 40) 1
(120, 84) 1
(120, 111) 1
(120, 146) 1
(120, 169) 1
(120, 210) 1
(120, 231) 1
(121, 41) 1
(121, 63) 1
(121, 115) 1
(121, 149) 1
(121, 175) 1
(121, 209) 1
(121, 236) 1
(121, 255) 1
(122, 41) 1
(122, 78) 1
(122, 116) 1
(122, 136) 1
(122, 182) 1
(122, 210) 1
(122, 237) 1
(123, 41) 1
(123, 85) 1
(123, 113) 1
(123, 129) 1
(123, 181) 1
(123, 211) 1
(123, 238) 1
(124, 42) 1
(124, 64) 1
(124, 116) 1
(124, 144) 1
(124, 165) 1
(124, 212) 1
(124, 232) 1
(125, 42) 1
(125, 77) 1
(125, 114) 1
(125, 135) 1
(125, 183) 1
(125, 211) 1
(125, 234) 1
(126, 42) 1
(126, 84) 1
(126, 117) 1
(126, 147) 1
(126, 184) 1
(126, 213) 1
(126, 236) 1
(126, 251) 1
(127, 43) 1
(127, 80) 1
(127, 112) 1
(127, 150) 1
(127, 183) 1
(127, 214) 1
(127, 237) 1
(128, 43) 1
(128, 86) 1
(128, 115) 1
(128, 138) 1
(128, 184) 1
(128, 211) 1
(128, 235) 1
