(1, 30) 1
(2, 30) 1
(3, 1) 1
(3, 30) 1
(4, 31) 1
(5, 8) 1
(5, 28) 1
(5, 30) 1
(6, 2) 1
(6, 12) 1
(6, 25) 1
(6, 31) 1
(7, 31) 1
(8, 13) 1
(8, 28) 1
(8, 31) 1
(9, 3) 1
(9, 20) 1
(9, 31) 1
(10, 7) 1
(10, 29) 1
(10, 31) 1
(11, 9) 1
(11, 14) 1
(11, 32) 1
(12, 4) 1
(12, 23) 1
(12, 32) 1
(13, 8) 1
(13, 15) 1
(13, 26) 1
(13, 32) 1
(14, 12) 1
(14, 17) 1
(14, 21) 1
(14, 29) 1
(14, 32) 1
(15, 5) 1
(15, 11) 1
(15, 19) 1
(15, 24) 1
(15, 32) 1
(16, 6) 1
(16, 10) 1
(16, 16) 1
(16, 18) 1
(16, 22) 1
(16, 25) 1
(16, 27) 1
(16, 30) 1
(16, 32) 1
