(1, 1) 1
(1, 84) 1
(1, 170) 1
(1, 240) 1
(1, 305) 1
(1, 368) 1
(1, 420) 1
(1, 481) 1
(1, 544) 1
(1, 594) 1
(1, 644) 1
(1, 679) 1
(1, 746) 1
(1, 795) 1
(1, 825) 1
(1, 864) 1
(1, 906) 1
(1, 939) 1
(1, 973) 1
(2, 1) 1
(2, 85) 1
(2, 171) 1
(2, 241) 1
(2, 306) 1
(2, 357) 1
(2, 428) 1
(2, 500) 1
(2, 545) 1
(2, 589) 1
(2, 645) 1
(2, 693) 1
(2, 743) 1
(2, 788) 1
(2, 834) 1
(2, 863) 1
(2, 897) 1
(2, 942) 1
(2, 967) 1
(3, 1) 1
(3, 86) 1
(3, 172) 1
(3, 242) 1
(3, 307) 1
(3, 363) 1
(3, 432) 1
(3, 493) 1
(3, 534) 1
(3, 590) 1
(3, 642) 1
(3, 685) 1
(3, 741) 1
(3, 790) 1
(3, 831) 1
(3, 869) 1
(3, 907) 1
(3, 937) 1
(3, 968) 1
(4, 2) 1
(4, 84) 1
(4, 173) 1
(4, 238) 1
(4, 276) 1
(4, 370) 1
(4, 433) 1
(4, 475) 1
(4, 547) 1
(4, 595) 1
(4, 645) 1
(4, 694) 1
(4, 745) 1
(4, 792) 1
(4, 830) 1
(4, 866) 1
(4, 902) 1
(4, 943) 1
(4, 974) 1
(5, 2) 1
(5, 87) 1
(5, 174) 1
(5, 243) 1
(5, 297) 1
(5, 361) 1
(5, 434) 1
(5, 501) 1
(5, 542) 1
(5, 582) 1
(5, 643) 1
(5, 695) 1
(5, 741) 1
(5, 794) 1
(5, 825) 1
(5, 870) 1
(5, 903) 1
(5, 940) 1
(5, 979) 1
(6, 2) 1
(6, 88) 1
(6, 175) 1
(6, 244) 1
(6, 306) 1
(6, 364) 1
(6, 435) 1
(6, 494) 1
(6, 531) 1
(6, 596) 1
(6, 646) 1
(6, 676) 1
(6, 744) 1
(6, 787) 1
(6, 829) 1
(6, 864) 1
(6, 895) 1
(6, 937) 1
(6, 969) 1
(7, 3) 1
(7, 85) 1
(7, 176) 1
(7, 245) 1
(7, 308) 1
(7, 366) 1
(7, 429) 1
(7, 498) 1
(7, 547) 1
(7, 581) 1
(7, 643) 1
(7, 683) 1
(7, 744) 1
(7, 795) 1
(7, 826) 1
(7, 861) 1
(7, 907) 1
(7, 931) 1
(7, 978) 1
(8, 3) 1
(8, 89) 1
(8, 169) 1
(8, 246) 1
(8, 287) 1
(8, 371) 1
(8, 412) 1
(8, 476) 1
(8, 544) 1
(8, 596) 1
(8, 645) 1
(8, 680) 1
(8, 747) 1
(8, 793) 1
(8, 827) 1
(8, 862) 1
(8, 903) 1
(8, 941) 1
(8, 970) 1
(9, 3) 1
(9, 90) 1
(9, 177) 1
(9, 247) 1
(9, 307) 1
(9, 367) 1
(9, 422) 1
(9, 471) 1
(9, 546) 1
(9, 593) 1
(9, 646) 1
(9, 695) 1
(9, 743) 1
(9, 796) 1
(9, 830) 1
(9, 871) 1
(9, 901) 1
(9, 944) 1
(9, 976) 1
(10, 4) 1
(10, 85) 1
(10, 178) 1
(10, 248) 1
(10, 299) 1
(10, 372) 1
(10, 430) 1
(10, 465) 1
(10, 546) 1
(10, 595) 1
(10, 647) 1
(10, 696) 1
(10, 746) 1
(10, 791) 1
(10, 828) 1
(10, 860) 1
(10, 904) 1
(10, 940) 1
(10, 966) 1
(11, 4) 1
(11, 91) 1
(11, 179) 1
(11, 249) 1
(11, 309) 1
(11, 373) 1
(11, 436) 1
(11, 478) 1
(11, 535) 1
(11, 591) 1
(11, 645) 1
(11, 692) 1
(11, 730) 1
(11, 794) 1
(11, 829) 1
(11, 867) 1
(11, 905) 1
(11, 935) 1
(11, 978) 1
(12, 4) 1
(12, 92) 1
(12, 180) 1
(12, 238) 1
(12, 310) 1
(12, 362) 1
(12, 417) 1
(12, 501) 1
(12, 532) 1
(12, 597) 1
(12, 646) 1
(12, 697) 1
(12, 742) 1
(12, 793) 1
(12, 832) 1
(12, 865) 1
(12, 899) 1
(12, 931) 1
(12, 980) 1
(13, 5) 1
(13, 86) 1
(13, 181) 1
(13, 250) 1
(13, 308) 1
(13, 358) 1
(13, 426) 1
(13, 474) 1
(13, 548) 1
(13, 587) 1
(13, 646) 1
(13, 696) 1
(13, 745) 1
(13, 797) 1
(13, 833) 1
(13, 863) 1
(13, 905) 1
(13, 938) 1
(13, 970) 1
(14, 5) 1
(14, 93) 1
(14, 182) 1
(14, 251) 1
(14, 301) 1
(14, 369) 1
(14, 437) 1
(14, 501) 1
(14, 547) 1
(14, 598) 1
(14, 647) 1
(14, 698) 1
(14, 743) 1
(14, 798) 1
(14, 827) 1
(14, 868) 1
(14, 900) 1
(14, 933) 1
(14, 981) 1
(15, 5) 1
(15, 94) 1
(15, 183) 1
(15, 246) 1
(15, 304) 1
(15, 373) 1
(15, 425) 1
(15, 485) 1
(15, 545) 1
(15, 588) 1
(15, 648) 1
(15, 694) 1
(15, 746) 1
(15, 796) 1
(15, 831) 1
(15, 870) 1
(15, 898) 1
(15, 930) 1
(15, 982) 1
(16, 6) 1
(16, 86) 1
(16, 184) 1
(16, 249) 1
(16, 311) 1
(16, 370) 1
(16, 438) 1
(16, 477) 1
(16, 539) 1
(16, 597) 1
(16, 647) 1
(16, 695) 1
(16, 747) 1
(16, 795) 1
(16, 834) 1
(16, 872) 1
(16, 896) 1
(16, 936) 1
(16, 971) 1
(17, 6) 1
(17, 95) 1
(17, 185) 1
(17, 239) 1
(17, 306) 1
(17, 369) 1
(17, 439) 1
(17, 492) 1
(17, 548) 1
(17, 595) 1
(17, 648) 1
(17, 697) 1
(17, 748) 1
(17, 794) 1
(17, 835) 1
(17, 861) 1
(17, 906) 1
(17, 944) 1
(17, 968) 1
(18, 6) 1
(18, 96) 1
(18, 186) 1
(18, 245) 1
(18, 304) 1
(18, 360) 1
(18, 419) 1
(18, 480) 1
(18, 549) 1
(18, 598) 1
(18, 631) 1
(18, 696) 1
(18, 742) 1
(18, 792) 1
(18, 825) 1
(18, 871) 1
(18, 908) 1
(18, 941) 1
(18, 967) 1
(19, 7) 1
(19, 87) 1
(19, 187) 1
(19, 239) 1
(19, 305) 1
(19, 371) 1
(19, 440) 1
(19, 502) 1
(19, 533) 1
(19, 597) 1
(19, 649) 1
(19, 694) 1
(19, 749) 1
(19, 790) 1
(19, 828) 1
(19, 867) 1
(19, 908) 1
(19, 933) 1
(19, 983) 1
(20, 7) 1
(20, 97) 1
(20, 183) 1
(20, 248) 1
(20, 311) 1
(20, 374) 1
(20, 427) 1
(20, 470) 1
(20, 548) 1
(20, 580) 1
(20, 650) 1
(20, 689) 1
(20, 750) 1
(20, 792) 1
(20, 832) 1
(20, 868) 1
(20, 907) 1
(20, 934) 1
(20, 976) 1
(21, 7) 1
(21, 98) 1
(21, 188) 1
(21, 252) 1
(21, 310) 1
(21, 363) 1
(21, 437) 1
(21, 489) 1
(21, 549) 1
(21, 599) 1
(21, 648) 1
(21, 695) 1
(21, 745) 1
(21, 791) 1
(21, 829) 1
(21, 873) 1
(21, 909) 1
(21, 942) 1
(21, 977) 1
(22, 8) 1
(22, 87) 1
(22, 189) 1
(22, 250) 1
(22, 312) 1
(22, 365) 1
(22, 431) 1
(22, 503) 1
(22, 549) 1
(22, 600) 1
(22, 647) 1
(22, 697) 1
(22, 750) 1
(22, 796) 1
(22, 836) 1
(22, 864) 1
(22, 897) 1
(22, 943) 1
(22, 972) 1
(22, 1000) 1
(23, 8) 1
(23, 99) 1
(23, 190) 1
(23, 245) 1
(23, 310) 1
(23, 375) 1
(23, 435) 1
(23, 486) 1
(23, 550) 1
(23, 601) 1
(23, 649) 1
(23, 698) 1
(23, 738) 1
(23, 794) 1
(23, 830) 1
(23, 872) 1
(23, 904) 1
(23, 939) 1
(23, 982) 1
(24, 8) 1
(24, 100) 1
(24, 179) 1
(24, 240) 1
(24, 313) 1
(24, 374) 1
(24, 424) 1
(24, 482) 1
(24, 551) 1
(24, 602) 1
(24, 623) 1
(24, 696) 1
(24, 747) 1
(24, 798) 1
(24, 831) 1
(24, 865) 1
(24, 902) 1
(24, 942) 1
(24, 983) 1
(25, 9) 1
(25, 88) 1
(25, 167) 1
(25, 242) 1
(25, 314) 1
(25, 372) 1
(25, 431) 1
(25, 473) 1
(25, 550) 1
(25, 598) 1
(25, 648) 1
(25, 699) 1
(25, 727) 1
(25, 793) 1
(25, 833) 1
(25, 866) 1
(25, 910) 1
(25, 935) 1
(25, 983) 1
(26, 9) 1
(26, 101) 1
(26, 176) 1
(26, 253) 1
(26, 305) 1
(26, 373) 1
(26, 441) 1
(26, 490) 1
(26, 551) 1
(26, 600) 1
(26, 632) 1
(26, 698) 1
(26, 745) 1
(26, 799) 1
(26, 832) 1
(26, 871) 1
(26, 911) 1
(26, 936) 1
(26, 979) 1
(27, 9) 1
(27, 102) 1
(27, 191) 1
(27, 254) 1
(27, 296) 1
(27, 375) 1
(27, 433) 1
(27, 503) 1
(27, 536) 1
(27, 599) 1
(27, 650) 1
(27, 700) 1
(27, 746) 1
(27, 797) 1
(27, 834) 1
(27, 861) 1
(27, 900) 1
(27, 945) 1
(27, 980) 1
(28, 10) 1
(28, 88) 1
(28, 192) 1
(28, 252) 1
(28, 309) 1
(28, 368) 1
(28, 442) 1
(28, 487) 1
(28, 519) 1
(28, 600) 1
(28, 649) 1
(28, 700) 1
(28, 747) 1
(28, 800) 1
(28, 835) 1
(28, 868) 1
(28, 912) 1
(28, 940) 1
(28, 974) 1
(29, 10) 1
(29, 103) 1
(29, 180) 1
(29, 255) 1
(29, 308) 1
(29, 376) 1
(29, 439) 1
(29, 502) 1
(29, 537) 1
(29, 599) 1
(29, 651) 1
(29, 698) 1
(29, 750) 1
(29, 801) 1
(29, 831) 1
(29, 874) 1
(29, 903) 1
(29, 946) 1
(29, 966) 1
(30, 10) 1
(30, 104) 1
(30, 184) 1
(30, 247) 1
(30, 315) 1
(30, 375) 1
(30, 428) 1
(30, 484) 1
(30, 551) 1
(30, 598) 1
(30, 652) 1
(30, 701) 1
(30, 748) 1
(30, 791) 1
(30, 837) 1
(30, 864) 1
(30, 907) 1
(30, 938) 1
(30, 975) 1
(31, 11) 1
(31, 89) 1
(31, 193) 1
(31, 242) 1
(31, 315) 1
(31, 356) 1
(31, 443) 1
(31, 496) 1
(31, 552) 1
(31, 595) 1
(31, 649) 1
(31, 702) 1
(31, 750) 1
(31, 795) 1
(31, 838) 1
(31, 865) 1
(31, 909) 1
(31, 945) 1
(31, 979) 1
(32, 11) 1
(32, 105) 1
(32, 194) 1
(32, 243) 1
(32, 311) 1
(32, 354) 1
(32, 444) 1
(32, 479) 1
(32, 550) 1
(32, 599) 1
(32, 645) 1
(32, 697) 1
(32, 749) 1
(32, 798) 1
(32, 837) 1
(32, 869) 1
(32, 901) 1
(32, 947) 1
(32, 973) 1
(33, 11) 1
(33, 106) 1
(33, 195) 1
(33, 255) 1
(33, 313) 1
(33, 377) 1
(33, 430) 1
(33, 495) 1
(33, 547) 1
(33, 592) 1
(33, 650) 1
(33, 699) 1
(33, 732) 1
(33, 796) 1
(33, 835) 1
(33, 872) 1
(33, 905) 1
(33, 941) 1
(33, 969) 1
(34, 12) 1
(34, 89) 1
(34, 168) 1
(34, 256) 1
(34, 309) 1
(34, 378) 1
(34, 434) 1
(34, 504) 1
(34, 553) 1
(34, 584) 1
(34, 652) 1
(34, 699) 1
(34, 721) 1
(34, 797) 1
(34, 828) 1
(34, 869) 1
(34, 902) 1
(34, 944) 1
(34, 971) 1
(35, 12) 1
(35, 107) 1
(35, 196) 1
(35, 241) 1
(35, 312) 1
(35, 362) 1
(35, 438) 1
(35, 505) 1
(35, 540) 1
(35, 602) 1
(35, 650) 1
(35, 701) 1
(35, 749) 1
(35, 799) 1
(35, 833) 1
(35, 870) 1
(35, 904) 1
(35, 937) 1
(35, 977) 1
(36, 12) 1
(36, 108) 1
(36, 187) 1
(36, 251) 1
(36, 316) 1
(36, 366) 1
(36, 432) 1
(36, 506) 1
(36, 552) 1
(36, 600) 1
(36, 651) 1
(36, 681) 1
(36, 748) 1
(36, 802) 1
(36, 834) 1
(36, 866) 1
(36, 899) 1
(36, 934) 1
(36, 982) 1
(37, 13) 1
(37, 90) 1
(37, 197) 1
(37, 239) 1
(37, 309) 1
(37, 379) 1
(37, 444) 1
(37, 505) 1
(37, 527) 1
(37, 603) 1
(37, 651) 1
(37, 702) 1
(37, 731) 1
(37, 803) 1
(37, 836) 1
(37, 872) 1
(37, 900) 1
(37, 938) 1
(37, 984) 1
(38, 13) 1
(38, 109) 1
(38, 198) 1
(38, 255) 1
(38, 303) 1
(38, 380) 1
(38, 438) 1
(38, 501) 1
(38, 552) 1
(38, 601) 1
(38, 652) 1
(38, 700) 1
(38, 739) 1
(38, 804) 1
(38, 839) 1
(38, 871) 1
(38, 906) 1
(38, 942) 1
(38, 970) 1
(39, 13) 1
(39, 110) 1
(39, 173) 1
(39, 253) 1
(39, 316) 1
(39, 374) 1
(39, 443) 1
(39, 500) 1
(39, 543) 1
(39, 604) 1
(39, 653) 1
(39, 699) 1
(39, 734) 1
(39, 800) 1
(39, 837) 1
(39, 867) 1
(39, 903) 1
(39, 939) 1
(39, 980) 1
(40, 14) 1
(40, 90) 1
(40, 199) 1
(40, 244) 1
(40, 312) 1
(40, 377) 1
(40, 437) 1
(40, 506) 1
(40, 553) 1
(40, 601) 1
(40, 653) 1
(40, 703) 1
(40, 751) 1
(40, 795) 1
(40, 831) 1
(40, 875) 1
(40, 908) 1
(40, 935) 1
(40, 974) 1
(41, 14) 1
(41, 111) 1
(41, 186) 1
(41, 257) 1
(41, 315) 1
(41, 380) 1
(41, 423) 1
(41, 499) 1
(41, 554) 1
(41, 602) 1
(41, 651) 1
(41, 704) 1
(41, 752) 1
(41, 797) 1
(41, 835) 1
(41, 873) 1
(41, 901) 1
(41, 936) 1
(41, 972) 1
(42, 14) 1
(42, 112) 1
(42, 200) 1
(42, 240) 1
(42, 292) 1
(42, 376) 1
(42, 445) 1
(42, 504) 1
(42, 555) 1
(42, 573) 1
(42, 654) 1
(42, 700) 1
(42, 735) 1
(42, 799) 1
(42, 836) 1
(42, 867) 1
(42, 907) 1
(42, 941) 1
(42, 981) 1
(43, 15) 1
(43, 91) 1
(43, 201) 1
(43, 258) 1
(43, 314) 1
(43, 367) 1
(43, 446) 1
(43, 481) 1
(43, 538) 1
(43, 601) 1
(43, 654) 1
(43, 701) 1
(43, 750) 1
(43, 797) 1
(43, 840) 1
(43, 876) 1
(43, 911) 1
(43, 947) 1
(43, 969) 1
(44, 15) 1
(44, 113) 1
(44, 173) 1
(44, 257) 1
(44, 294) 1
(44, 371) 1
(44, 442) 1
(44, 507) 1
(44, 553) 1
(44, 605) 1
(44, 655) 1
(44, 702) 1
(44, 748) 1
(44, 798) 1
(44, 832) 1
(44, 870) 1
(44, 905) 1
(44, 946) 1
(44, 985) 1
(45, 15) 1
(45, 114) 1
(45, 193) 1
(45, 236) 1
(45, 312) 1
(45, 339) 1
(45, 439) 1
(45, 508) 1
(45, 546) 1
(45, 603) 1
(45, 652) 1
(45, 704) 1
(45, 753) 1
(45, 800) 1
(45, 834) 1
(45, 877) 1
(45, 910) 1
(45, 941) 1
(45, 973) 1
(46, 16) 1
(46, 91) 1
(46, 182) 1
(46, 243) 1
(46, 317) 1
(46, 376) 1
(46, 447) 1
(46, 505) 1
(46, 549) 1
(46, 604) 1
(46, 655) 1
(46, 703) 1
(46, 729) 1
(46, 802) 1
(46, 835) 1
(46, 877) 1
(46, 902) 1
(46, 945) 1
(46, 975) 1
(47, 16) 1
(47, 115) 1
(47, 202) 1
(47, 247) 1
(47, 316) 1
(47, 351) 1
(47, 448) 1
(47, 492) 1
(47, 554) 1
(47, 603) 1
(47, 635) 1
(47, 700) 1
(47, 749) 1
(47, 801) 1
(47, 832) 1
(47, 875) 1
(47, 909) 1
(47, 943) 1
(47, 978) 1
(48, 16) 1
(48, 116) 1
(48, 191) 1
(48, 259) 1
(48, 302) 1
(48, 377) 1
(48, 426) 1
(48, 502) 1
(48, 523) 1
(48, 602) 1
(48, 654) 1
(48, 702) 1
(48, 753) 1
(48, 804) 1
(48, 837) 1
(48, 878) 1
(48, 912) 1
(48, 944) 1
(48, 982) 1
(49, 17) 1
(49, 92) 1
(49, 203) 1
(49, 260) 1
(49, 313) 1
(49, 379) 1
(49, 429) 1
(49, 488) 1
(49, 554) 1
(49, 604) 1
(49, 654) 1
(49, 705) 1
(49, 740) 1
(49, 805) 1
(49, 833) 1
(49, 869) 1
(49, 906) 1
(49, 946) 1
(49, 974) 1
(50, 17) 1
(50, 117) 1
(50, 181) 1
(50, 257) 1
(50, 317) 1
(50, 378) 1
(50, 441) 1
(50, 491) 1
(50, 541) 1
(50, 603) 1
(50, 653) 1
(50, 701) 1
(50, 754) 1
(50, 804) 1
(50, 838) 1
(50, 868) 1
(50, 913) 1
(50, 948) 1
(50, 983) 1
(51, 17) 1
(51, 118) 1
(51, 174) 1
(51, 241) 1
(51, 314) 1
(51, 381) 1
(51, 449) 1
(51, 486) 1
(51, 556) 1
(51, 605) 1
(51, 656) 1
(51, 704) 1
(51, 751) 1
(51, 801) 1
(51, 836) 1
(51, 871) 1
(51, 912) 1
(51, 945) 1
(51, 971) 1
(52, 18) 1
(52, 92) 1
(52, 164) 1
(52, 261) 1
(52, 318) 1
(52, 380) 1
(52, 432) 1
(52, 503) 1
(52, 555) 1
(52, 605) 1
(52, 639) 1
(52, 703) 1
(52, 749) 1
(52, 800) 1
(52, 838) 1
(52, 872) 1
(52, 911) 1
(52, 944) 1
(52, 986) 1
(53, 18) 1
(53, 119) 1
(53, 185) 1
(53, 246) 1
(53, 317) 1
(53, 372) 1
(53, 450) 1
(53, 507) 1
(53, 556) 1
(53, 606) 1
(53, 657) 1
(53, 693) 1
(53, 752) 1
(53, 799) 1
(53, 837) 1
(53, 874) 1
(53, 908) 1
(53, 943) 1
(53, 984) 1
(54, 18) 1
(54, 120) 1
(54, 188) 1
(54, 240) 1
(54, 300) 1
(54, 336) 1
(54, 434) 1
(54, 508) 1
(54, 557) 1
(54, 604) 1
(54, 656) 1
(54, 706) 1
(54, 748) 1
(54, 803) 1
(54, 839) 1
(54, 868) 1
(54, 904) 1
(54, 947) 1
(54, 972) 1
(55, 19) 1
(55, 93) 1
(55, 175) 1
(55, 262) 1
(55, 319) 1
(55, 374) 1
(55, 450) 1
(55, 508) 1
(55, 554) 1
(55, 607) 1
(55, 642) 1
(55, 703) 1
(55, 754) 1
(55, 806) 1
(55, 836) 1
(55, 870) 1
(55, 914) 1
(55, 949) 1
(55, 987) 1
(56, 19) 1
(56, 121) 1
(56, 203) 1
(56, 256) 1
(56, 320) 1
(56, 382) 1
(56, 440) 1
(56, 509) 1
(56, 555) 1
(56, 606) 1
(56, 653) 1
(56, 704) 1
(56, 755) 1
(56, 798) 1
(56, 839) 1
(56, 876) 1
(56, 909) 1
(56, 937) 1
(56, 976) 1
(57, 19) 1
(57, 122) 1
(57, 204) 1
(57, 259) 1
(57, 307) 1
(57, 381) 1
(57, 436) 1
(57, 510) 1
(57, 558) 1
(57, 600) 1
(57, 655) 1
(57, 705) 1
(57, 752) 1
(57, 803) 1
(57, 838) 1
(57, 875) 1
(57, 903) 1
(57, 942) 1
(57, 973) 1
(58, 20) 1
(58, 93) 1
(58, 177) 1
(58, 263) 1
(58, 318) 1
(58, 370) 1
(58, 449) 1
(58, 502) 1
(58, 557) 1
(58, 606) 1
(58, 620) 1
(58, 707) 1
(58, 756) 1
(58, 802) 1
(58, 833) 1
(58, 873) 1
(58, 907) 1
(58, 939) 1
(58, 985) 1
(59, 20) 1
(59, 123) 1
(59, 205) 1
(59, 242) 1
(59, 320) 1
(59, 376) 1
(59, 451) 1
(59, 497) 1
(59, 558) 1
(59, 607) 1
(59, 656) 1
(59, 708) 1
(59, 753) 1
(59, 805) 1
(59, 840) 1
(59, 872) 1
(59, 908) 1
(59, 940) 1
(59, 978) 1
(60, 20) 1
(60, 124) 1
(60, 206) 1
(60, 260) 1
(60, 321) 1
(60, 383) 1
(60, 435) 1
(60, 509) 1
(60, 543) 1
(60, 608) 1
(60, 655) 1
(60, 709) 1
(60, 751) 1
(60, 799) 1
(60, 834) 1
(60, 878) 1
(60, 913) 1
(60, 938) 1
(60, 972) 1
(61, 21) 1
(61, 94) 1
(61, 207) 1
(61, 260) 1
(61, 322) 1
(61, 384) 1
(61, 433) 1
(61, 506) 1
(61, 556) 1
(61, 607) 1
(61, 658) 1
(61, 706) 1
(61, 755) 1
(61, 800) 1
(61, 841) 1
(61, 873) 1
(61, 905) 1
(61, 948) 1
(61, 975) 1
(62, 21) 1
(62, 125) 1
(62, 192) 1
(62, 264) 1
(62, 318) 1
(62, 382) 1
(62, 446) 1
(62, 510) 1
(62, 542) 1
(62, 602) 1
(62, 656) 1
(62, 709) 1
(62, 754) 1
(62, 807) 1
(62, 842) 1
(62, 869) 1
(62, 910) 1
(62, 943) 1
(62, 981) 1
(63, 21) 1
(63, 126) 1
(63, 202) 1
(63, 262) 1
(63, 323) 1
(63, 371) 1
(63, 451) 1
(63, 511) 1
(63, 559) 1
(63, 606) 1
(63, 659) 1
(63, 705) 1
(63, 751) 1
(63, 804) 1
(63, 835) 1
(63, 879) 1
(63, 904) 1
(63, 950) 1
(63, 979) 1
(64, 22) 1
(64, 94) 1
(64, 208) 1
(64, 258) 1
(64, 319) 1
(64, 377) 1
(64, 452) 1
(64, 511) 1
(64, 557) 1
(64, 597) 1
(64, 657) 1
(64, 708) 1
(64, 757) 1
(64, 801) 1
(64, 838) 1
(64, 869) 1
(64, 915) 1
(64, 938) 1
(64, 976) 1
(65, 22) 1
(65, 127) 1
(65, 194) 1
(65, 252) 1
(65, 320) 1
(65, 380) 1
(65, 448) 1
(65, 498) 1
(65, 556) 1
(65, 596) 1
(65, 659) 1
(65, 707) 1
(65, 754) 1
(65, 803) 1
(65, 834) 1
(65, 867) 1
(65, 916) 1
(65, 946) 1
(65, 988) 1
(66, 22) 1
(66, 128) 1
(66, 178) 1
(66, 254) 1
(66, 321) 1
(66, 378) 1
(66, 445) 1
(66, 510) 1
(66, 560) 1
(66, 607) 1
(66, 660) 1
(66, 710) 1
(66, 756) 1
(66, 808) 1
(66, 835) 1
(66, 871) 1
(66, 909) 1
(66, 947) 1
(66, 982) 1
(67, 23) 1
(67, 95) 1
(67, 196) 1
(67, 265) 1
(67, 313) 1
(67, 385) 1
(67, 442) 1
(67, 512) 1
(67, 558) 1
(67, 608) 1
(67, 637) 1
(67, 706) 1
(67, 756) 1
(67, 801) 1
(67, 837) 1
(67, 876) 1
(67, 910) 1
(67, 949) 1
(67, 979) 1
(68, 23) 1
(68, 129) 1
(68, 204) 1
(68, 261) 1
(68, 322) 1
(68, 386) 1
(68, 427) 1
(68, 504) 1
(68, 557) 1
(68, 609) 1
(68, 638) 1
(68, 709) 1
(68, 753) 1
(68, 806) 1
(68, 843) 1
(68, 871) 1
(68, 916) 1
(68, 950) 1
(68, 980) 1
(69, 23) 1
(69, 130) 1
(69, 178) 1
(69, 250) 1
(69, 289) 1
(69, 382) 1
(69, 443) 1
(69, 513) 1
(69, 559) 1
(69, 610) 1
(69, 644) 1
(69, 711) 1
(69, 752) 1
(69, 802) 1
(69, 840) 1
(69, 870) 1
(69, 912) 1
(69, 948) 1
(69, 986) 1
(70, 24) 1
(70, 95) 1
(70, 201) 1
(70, 266) 1
(70, 321) 1
(70, 387) 1
(70, 432) 1
(70, 511) 1
(70, 561) 1
(70, 578) 1
(70, 658) 1
(70, 707) 1
(70, 758) 1
(70, 805) 1
(70, 836) 1
(70, 874) 1
(70, 917) 1
(70, 942) 1
(70, 980) 1
(71, 24) 1
(71, 131) 1
(71, 207) 1
(71, 267) 1
(71, 305) 1
(71, 381) 1
(71, 447) 1
(71, 513) 1
(71, 560) 1
(71, 608) 1
(71, 625) 1
(71, 712) 1
(71, 757) 1
(71, 779) 1
(71, 833) 1
(71, 872) 1
(71, 914) 1
(71, 943) 1
(71, 988) 1
(72, 24) 1
(72, 132) 1
(72, 177) 1
(72, 268) 1
(72, 324) 1
(72, 388) 1
(72, 431) 1
(72, 500) 1
(72, 553) 1
(72, 609) 1
(72, 628) 1
(72, 690) 1
(72, 755) 1
(72, 801) 1
(72, 840) 1
(72, 877) 1
(72, 904) 1
(72, 951) 1
(72, 981) 1
(73, 25) 1
(73, 96) 1
(73, 203) 1
(73, 269) 1
(73, 324) 1
(73, 389) 1
(73, 437) 1
(73, 514) 1
(73, 558) 1
(73, 610) 1
(73, 657) 1
(73, 707) 1
(73, 759) 1
(73, 804) 1
(73, 841) 1
(73, 880) 1
(73, 911) 1
(73, 945) 1
(73, 987) 1
(74, 25) 1
(74, 133) 1
(74, 169) 1
(74, 266) 1
(74, 319) 1
(74, 375) 1
(74, 444) 1
(74, 491) 1
(74, 555) 1
(74, 608) 1
(74, 659) 1
(74, 710) 1
(74, 760) 1
(74, 802) 1
(74, 842) 1
(74, 875) 1
(74, 905) 1
(74, 940) 1
(74, 989) 1
(75, 25) 1
(75, 134) 1
(75, 202) 1
(75, 248) 1
(75, 303) 1
(75, 381) 1
(75, 453) 1
(75, 512) 1
(75, 557) 1
(75, 611) 1
(75, 658) 1
(75, 711) 1
(75, 761) 1
(75, 807) 1
(75, 844) 1
(75, 877) 1
(75, 908) 1
(75, 944) 1
(75, 977) 1
(76, 26) 1
(76, 96) 1
(76, 208) 1
(76, 270) 1
(76, 323) 1
(76, 383) 1
(76, 454) 1
(76, 512) 1
(76, 560) 1
(76, 609) 1
(76, 641) 1
(76, 713) 1
(76, 758) 1
(76, 802) 1
(76, 839) 1
(76, 881) 1
(76, 903) 1
(76, 952) 1
(76, 974) 1
(77, 26) 1
(77, 135) 1
(77, 198) 1
(77, 265) 1
(77, 317) 1
(77, 388) 1
(77, 440) 1
(77, 493) 1
(77, 550) 1
(77, 610) 1
(77, 636) 1
(77, 708) 1
(77, 751) 1
(77, 803) 1
(77, 842) 1
(77, 873) 1
(77, 914) 1
(77, 941) 1
(77, 980) 1
(78, 26) 1
(78, 136) 1
(78, 205) 1
(78, 271) 1
(78, 325) 1
(78, 373) 1
(78, 453) 1
(78, 499) 1
(78, 559) 1
(78, 612) 1
(78, 657) 1
(78, 706) 1
(78, 760) 1
(78, 806) 1
(78, 845) 1
(78, 878) 1
(78, 906) 1
(78, 951) 1
(78, 983) 1
(79, 27) 1
(79, 97) 1
(79, 209) 1
(79, 244) 1
(79, 318) 1
(79, 378) 1
(79, 455) 1
(79, 514) 1
(79, 561) 1
(79, 611) 1
(79, 659) 1
(79, 708) 1
(79, 755) 1
(79, 806) 1
(79, 837) 1
(79, 881) 1
(79, 918) 1
(79, 953) 1
(79, 990) 1
(80, 27) 1
(80, 105) 1
(80, 170) 1
(80, 272) 1
(80, 326) 1
(80, 384) 1
(80, 454) 1
(80, 483) 1
(80, 562) 1
(80, 610) 1
(80, 660) 1
(80, 705) 1
(80, 757) 1
(80, 807) 1
(80, 843) 1
(80, 874) 1
(80, 907) 1
(80, 949) 1
(80, 983) 1
(81, 27) 1
(81, 121) 1
(81, 201) 1
(81, 271) 1
(81, 308) 1
(81, 386) 1
(81, 456) 1
(81, 496) 1
(81, 563) 1
(81, 586) 1
(81, 661) 1
(81, 710) 1
(81, 759) 1
(81, 803) 1
(81, 844) 1
(81, 870) 1
(81, 910) 1
(81, 939) 1
(81, 975) 1
(82, 28) 1
(82, 97) 1
(82, 210) 1
(82, 270) 1
(82, 327) 1
(82, 379) 1
(82, 448) 1
(82, 515) 1
(82, 562) 1
(82, 612) 1
(82, 661) 1
(82, 709) 1
(82, 756) 1
(82, 804) 1
(82, 840) 1
(82, 882) 1
(82, 914) 1
(82, 954) 1
(82, 977) 1
(83, 28) 1
(83, 113) 1
(83, 206) 1
(83, 272) 1
(83, 325) 1
(83, 382) 1
(83, 428) 1
(83, 516) 1
(83, 563) 1
(83, 611) 1
(83, 662) 1
(83, 697) 1
(83, 758) 1
(83, 801) 1
(83, 841) 1
(83, 879) 1
(83, 916) 1
(83, 955) 1
(83, 982) 1
(84, 28) 1
(84, 129) 1
(84, 211) 1
(84, 243) 1
(84, 324) 1
(84, 390) 1
(84, 452) 1
(84, 517) 1
(84, 561) 1
(84, 594) 1
(84, 660) 1
(84, 711) 1
(84, 760) 1
(84, 803) 1
(84, 846) 1
(84, 876) 1
(84, 913) 1
(84, 943) 1
(84, 985) 1
(85, 29) 1
(85, 98) 1
(85, 171) 1
(85, 263) 1
(85, 323) 1
(85, 385) 1
(85, 445) 1
(85, 509) 1
(85, 562) 1
(85, 611) 1
(85, 663) 1
(85, 691) 1
(85, 759) 1
(85, 805) 1
(85, 838) 1
(85, 883) 1
(85, 912) 1
(85, 951) 1
(85, 984) 1
(86, 29) 1
(86, 109) 1
(86, 212) 1
(86, 246) 1
(86, 326) 1
(86, 387) 1
(86, 457) 1
(86, 513) 1
(86, 551) 1
(86, 612) 1
(86, 662) 1
(86, 710) 1
(86, 761) 1
(86, 809) 1
(86, 846) 1
(86, 873) 1
(86, 915) 1
(86, 945) 1
(86, 978) 1
(87, 29) 1
(87, 125) 1
(87, 204) 1
(87, 257) 1
(87, 327) 1
(87, 389) 1
(87, 435) 1
(87, 517) 1
(87, 563) 1
(87, 613) 1
(87, 647) 1
(87, 687) 1
(87, 757) 1
(87, 808) 1
(87, 839) 1
(87, 877) 1
(87, 917) 1
(87, 953) 1
(87, 979) 1
(88, 30) 1
(88, 98) 1
(88, 213) 1
(88, 249) 1
(88, 328) 1
(88, 388) 1
(88, 455) 1
(88, 507) 1
(88, 552) 1
(88, 612) 1
(88, 658) 1
(88, 713) 1
(88, 762) 1
(88, 808) 1
(88, 843) 1
(88, 875) 1
(88, 910) 1
(88, 955) 1
(88, 976) 1
(89, 30) 1
(89, 117) 1
(89, 211) 1
(89, 267) 1
(89, 329) 1
(89, 391) 1
(89, 446) 1
(89, 518) 1
(89, 564) 1
(89, 613) 1
(89, 661) 1
(89, 714) 1
(89, 758) 1
(89, 806) 1
(89, 847) 1
(89, 873) 1
(89, 908) 1
(89, 946) 1
(89, 986) 1
(90, 30) 1
(90, 133) 1
(90, 214) 1
(90, 272) 1
(90, 316) 1
(90, 372) 1
(90, 458) 1
(90, 515) 1
(90, 548) 1
(90, 614) 1
(90, 663) 1
(90, 711) 1
(90, 763) 1
(90, 809) 1
(90, 839) 1
(90, 878) 1
(90, 911) 1
(90, 950) 1
(90, 981) 1
(91, 31) 1
(91, 99) 1
(91, 213) 1
(91, 261) 1
(91, 330) 1
(91, 392) 1
(91, 447) 1
(91, 516) 1
(91, 564) 1
(91, 614) 1
(91, 660) 1
(91, 715) 1
(91, 759) 1
(91, 810) 1
(91, 840) 1
(91, 881) 1
(91, 906) 1
(91, 956) 1
(91, 989) 1
(92, 31) 1
(92, 107) 1
(92, 206) 1
(92, 273) 1
(92, 329) 1
(92, 393) 1
(92, 456) 1
(92, 519) 1
(92, 547) 1
(92, 615) 1
(92, 663) 1
(92, 712) 1
(92, 760) 1
(92, 804) 1
(92, 843) 1
(92, 877) 1
(92, 909) 1
(92, 952) 1
(92, 990) 1
(93, 31) 1
(93, 127) 1
(93, 197) 1
(93, 269) 1
(93, 326) 1
(93, 394) 1
(93, 441) 1
(93, 484) 1
(93, 565) 1
(93, 607) 1
(93, 661) 1
(93, 711) 1
(93, 762) 1
(93, 811) 1
(93, 842) 1
(93, 879) 1
(93, 917) 1
(93, 951) 1
(93, 991) 1
(94, 32) 1
(94, 99) 1
(94, 172) 1
(94, 258) 1
(94, 325) 1
(94, 385) 1
(94, 434) 1
(94, 518) 1
(94, 565) 1
(94, 615) 1
(94, 650) 1
(94, 713) 1
(94, 761) 1
(94, 812) 1
(94, 848) 1
(94, 874) 1
(94, 913) 1
(94, 950) 1
(94, 987) 1
(95, 32) 1
(95, 115) 1
(95, 195) 1
(95, 274) 1
(95, 328) 1
(95, 384) 1
(95, 449) 1
(95, 494) 1
(95, 555) 1
(95, 613) 1
(95, 662) 1
(95, 712) 1
(95, 759) 1
(95, 811) 1
(95, 845) 1
(95, 882) 1
(95, 918) 1
(95, 947) 1
(95, 992) 1
(96, 32) 1
(96, 131) 1
(96, 210) 1
(96, 275) 1
(96, 331) 1
(96, 393) 1
(96, 443) 1
(96, 514) 1
(96, 564) 1
(96, 606) 1
(96, 664) 1
(96, 716) 1
(96, 762) 1
(96, 805) 1
(96, 844) 1
(96, 878) 1
(96, 915) 1
(96, 949) 1
(96, 993) 1
(97, 33) 1
(97, 100) 1
(97, 215) 1
(97, 254) 1
(97, 330) 1
(97, 390) 1
(97, 439) 1
(97, 519) 1
(97, 559) 1
(97, 613) 1
(97, 664) 1
(97, 713) 1
(97, 763) 1
(97, 807) 1
(97, 838) 1
(97, 880) 1
(97, 914) 1
(97, 957) 1
(97, 978) 1
(98, 33) 1
(98, 111) 1
(98, 216) 1
(98, 268) 1
(98, 322) 1
(98, 394) 1
(98, 430) 1
(98, 505) 1
(98, 544) 1
(98, 601) 1
(98, 662) 1
(98, 714) 1
(98, 760) 1
(98, 805) 1
(98, 848) 1
(98, 881) 1
(98, 910) 1
(98, 944) 1
(98, 988) 1
(99, 33) 1
(99, 123) 1
(99, 209) 1
(99, 274) 1
(99, 329) 1
(99, 389) 1
(99, 450) 1
(99, 516) 1
(99, 533) 1
(99, 587) 1
(99, 665) 1
(99, 716) 1
(99, 761) 1
(99, 813) 1
(99, 842) 1
(99, 876) 1
(99, 912) 1
(99, 954) 1
(99, 994) 1
(100, 34) 1
(100, 100) 1
(100, 204) 1
(100, 275) 1
(100, 332) 1
(100, 391) 1
(100, 438) 1
(100, 516) 1
(100, 561) 1
(100, 615) 1
(100, 666) 1
(100, 699) 1
(100, 736) 1
(100, 809) 1
(100, 845) 1
(100, 883) 1
(100, 919) 1
(100, 948) 1
(100, 988) 1
(101, 34) 1
(101, 119) 1
(101, 194) 1
(101, 253) 1
(101, 328) 1
(101, 395) 1
(101, 456) 1
(101, 520) 1
(101, 565) 1
(101, 614) 1
(101, 664) 1
(101, 714) 1
(101, 764) 1
(101, 813) 1
(101, 841) 1
(101, 884) 1
(101, 920) 1
(101, 953) 1
(101, 983) 1
(102, 34) 1
(102, 135) 1
(102, 214) 1
(102, 260) 1
(102, 315) 1
(102, 392) 1
(102, 457) 1
(102, 521) 1
(102, 566) 1
(102, 616) 1
(102, 667) 1
(102, 716) 1
(102, 746) 1
(102, 806) 1
(102, 848) 1
(102, 875) 1
(102, 917) 1
(102, 947) 1
(102, 984) 1
(103, 35) 1
(103, 101) 1
(103, 212) 1
(103, 273) 1
(103, 310) 1
(103, 396) 1
(103, 458) 1
(103, 508) 1
(103, 560) 1
(103, 589) 1
(103, 664) 1
(103, 715) 1
(103, 765) 1
(103, 811) 1
(103, 847) 1
(103, 874) 1
(103, 912) 1
(103, 955) 1
(103, 985) 1
(104, 35) 1
(104, 106) 1
(104, 186) 1
(104, 251) 1
(104, 330) 1
(104, 395) 1
(104, 446) 1
(104, 515) 1
(104, 566) 1
(104, 615) 1
(104, 646) 1
(104, 717) 1
(104, 762) 1
(104, 814) 1
(104, 846) 1
(104, 885) 1
(104, 916) 1
(104, 958) 1
(104, 992) 1
(105, 35) 1
(105, 126) 1
(105, 189) 1
(105, 275) 1
(105, 333) 1
(105, 394) 1
(105, 429) 1
(105, 517) 1
(105, 567) 1
(105, 617) 1
(105, 665) 1
(105, 712) 1
(105, 758) 1
(105, 807) 1
(105, 840) 1
(105, 875) 1
(105, 920) 1
(105, 945) 1
(105, 995) 1
(106, 36) 1
(106, 101) 1
(106, 211) 1
(106, 256) 1
(106, 331) 1
(106, 392) 1
(106, 454) 1
(106, 520) 1
(106, 567) 1
(106, 590) 1
(106, 651) 1
(106, 696) 1
(106, 763) 1
(106, 808) 1
(106, 842) 1
(106, 882) 1
(106, 916) 1
(106, 948) 1
(106, 987) 1
(107, 36) 1
(107, 114) 1
(107, 217) 1
(107, 263) 1
(107, 332) 1
(107, 379) 1
(107, 459) 1
(107, 522) 1
(107, 565) 1
(107, 616) 1
(107, 665) 1
(107, 686) 1
(107, 747) 1
(107, 810) 1
(107, 839) 1
(107, 880) 1
(107, 915) 1
(107, 955) 1
(107, 986) 1
(108, 36) 1
(108, 134) 1
(108, 216) 1
(108, 276) 1
(108, 334) 1
(108, 387) 1
(108, 455) 1
(108, 498) 1
(108, 566) 1
(108, 617) 1
(108, 649) 1
(108, 715) 1
(108, 764) 1
(108, 812) 1
(108, 845) 1
(108, 876) 1
(108, 914) 1
(108, 952) 1
(108, 981) 1
(109, 37) 1
(109, 102) 1
(109, 188) 1
(109, 277) 1
(109, 327) 1
(109, 392) 1
(109, 449) 1
(109, 511) 1
(109, 568) 1
(109, 617) 1
(109, 663) 1
(109, 694) 1
(109, 762) 1
(109, 813) 1
(109, 847) 1
(109, 880) 1
(109, 913) 1
(109, 959) 1
(109, 988) 1
(110, 37) 1
(110, 110) 1
(110, 207) 1
(110, 278) 1
(110, 334) 1
(110, 361) 1
(110, 460) 1
(110, 519) 1
(110, 567) 1
(110, 616) 1
(110, 666) 1
(110, 714) 1
(110, 765) 1
(110, 814) 1
(110, 844) 1
(110, 879) 1
(110, 906) 1
(110, 954) 1
(110, 996) 1
(111, 37) 1
(111, 122) 1
(111, 217) 1
(111, 272) 1
(111, 335) 1
(111, 395) 1
(111, 461) 1
(111, 505) 1
(111, 569) 1
(111, 618) 1
(111, 643) 1
(111, 716) 1
(111, 766) 1
(111, 808) 1
(111, 845) 1
(111, 886) 1
(111, 921) 1
(111, 946) 1
(111, 989) 1
(112, 38) 1
(112, 102) 1
(112, 218) 1
(112, 264) 1
(112, 332) 1
(112, 383) 1
(112, 458) 1
(112, 521) 1
(112, 569) 1
(112, 605) 1
(112, 668) 1
(112, 714) 1
(112, 767) 1
(112, 796) 1
(112, 843) 1
(112, 876) 1
(112, 918) 1
(112, 951) 1
(112, 977) 1
(113, 38) 1
(113, 118) 1
(113, 210) 1
(113, 249) 1
(113, 319) 1
(113, 386) 1
(113, 457) 1
(113, 522) 1
(113, 568) 1
(113, 618) 1
(113, 666) 1
(113, 715) 1
(113, 763) 1
(113, 786) 1
(113, 841) 1
(113, 877) 1
(113, 922) 1
(113, 958) 1
(113, 991) 1
(114, 38) 1
(114, 130) 1
(114, 205) 1
(114, 276) 1
(114, 335) 1
(114, 390) 1
(114, 462) 1
(114, 523) 1
(114, 565) 1
(114, 619) 1
(114, 667) 1
(114, 717) 1
(114, 765) 1
(114, 809) 1
(114, 849) 1
(114, 881) 1
(114, 909) 1
(114, 949) 1
(114, 994) 1
(115, 39) 1
(115, 103) 1
(115, 218) 1
(115, 258) 1
(115, 333) 1
(115, 388) 1
(115, 460) 1
(115, 523) 1
(115, 562) 1
(115, 618) 1
(115, 669) 1
(115, 692) 1
(115, 764) 1
(115, 806) 1
(115, 846) 1
(115, 880) 1
(115, 919) 1
(115, 956) 1
(115, 993) 1
(116, 39) 1
(116, 108) 1
(116, 216) 1
(116, 259) 1
(116, 336) 1
(116, 396) 1
(116, 442) 1
(116, 496) 1
(116, 539) 1
(116, 616) 1
(116, 668) 1
(116, 717) 1
(116, 763) 1
(116, 813) 1
(116, 850) 1
(116, 883) 1
(116, 921) 1
(116, 960) 1
(116, 990) 1
(117, 39) 1
(117, 124) 1
(117, 219) 1
(117, 279) 1
(117, 331) 1
(117, 395) 1
(117, 463) 1
(117, 501) 1
(117, 568) 1
(117, 619) 1
(117, 665) 1
(117, 718) 1
(117, 768) 1
(117, 811) 1
(117, 843) 1
(117, 887) 1
(117, 911) 1
(117, 957) 1
(117, 982) 1
(118, 40) 1
(118, 103) 1
(118, 199) 1
(118, 267) 1
(118, 335) 1
(118, 397) 1
(118, 448) 1
(118, 504) 1
(118, 570) 1
(118, 617) 1
(118, 666) 1
(118, 718) 1
(118, 767) 1
(118, 805) 1
(118, 842) 1
(118, 884) 1
(118, 923) 1
(118, 947) 1
(118, 985) 1
(119, 40) 1
(119, 116) 1
(119, 220) 1
(119, 269) 1
(119, 334) 1
(119, 385) 1
(119, 458) 1
(119, 503) 1
(119, 563) 1
(119, 618) 1
(119, 648) 1
(119, 717) 1
(119, 768) 1
(119, 807) 1
(119, 851) 1
(119, 882) 1
(119, 915) 1
(119, 959) 1
(119, 997) 1
(120, 40) 1
(120, 136) 1
(120, 190) 1
(120, 262) 1
(120, 336) 1
(120, 393) 1
(120, 459) 1
(120, 521) 1
(120, 571) 1
(120, 619) 1
(120, 669) 1
(120, 719) 1
(120, 766) 1
(120, 793) 1
(120, 841) 1
(120, 874) 1
(120, 924) 1
(120, 954) 1
(120, 981) 1
(121, 41) 1
(121, 104) 1
(121, 212) 1
(121, 271) 1
(121, 337) 1
(121, 391) 1
(121, 460) 1
(121, 524) 1
(121, 549) 1
(121, 608) 1
(121, 667) 1
(121, 718) 1
(121, 766) 1
(121, 807) 1
(121, 850) 1
(121, 885) 1
(121, 918) 1
(121, 950) 1
(121, 991) 1
(122, 41) 1
(122, 112) 1
(122, 187) 1
(122, 264) 1
(122, 338) 1
(122, 394) 1
(122, 436) 1
(122, 520) 1
(122, 570) 1
(122, 619) 1
(122, 670) 1
(122, 716) 1
(122, 769) 1
(122, 810) 1
(122, 846) 1
(122, 883) 1
(122, 914) 1
(122, 959) 1
(122, 996) 1
(123, 41) 1
(123, 128) 1
(123, 220) 1
(123, 279) 1
(123, 339) 1
(123, 398) 1
(123, 464) 1
(123, 525) 1
(123, 550) 1
(123, 620) 1
(123, 668) 1
(123, 705) 1
(123, 764) 1
(123, 809) 1
(123, 844) 1
(123, 886) 1
(123, 913) 1
(123, 955) 1
(123, 984) 1
(124, 42) 1
(124, 104) 1
(124, 215) 1
(124, 280) 1
(124, 340) 1
(124, 384) 1
(124, 440) 1
(124, 522) 1
(124, 569) 1
(124, 620) 1
(124, 669) 1
(124, 717) 1
(124, 769) 1
(124, 812) 1
(124, 847) 1
(124, 878) 1
(124, 917) 1
(124, 961) 1
(124, 995) 1
(125, 42) 1
(125, 120) 1
(125, 208) 1
(125, 281) 1
(125, 339) 1
(125, 387) 1
(125, 461) 1
(125, 518) 1
(125, 567) 1
(125, 621) 1
(125, 667) 1
(125, 719) 1
(125, 767) 1
(125, 810) 1
(125, 851) 1
(125, 887) 1
(125, 919) 1
(125, 953) 1
(125, 992) 1
(126, 42) 1
(126, 132) 1
(126, 221) 1
(126, 248) 1
(126, 341) 1
(126, 397) 1
(126, 456) 1
(126, 525) 1
(126, 568) 1
(126, 622) 1
(126, 670) 1
(126, 720) 1
(126, 765) 1
(126, 808) 1
(126, 848) 1
(126, 885) 1
(126, 915) 1
(126, 956) 1
(126, 998) 1
(127, 43) 1
(127, 105) 1
(127, 221) 1
(127, 279) 1
(127, 342) 1
(127, 399) 1
(127, 451) 1
(127, 524) 1
(127, 566) 1
(127, 613) 1
(127, 669) 1
(127, 721) 1
(127, 767) 1
(127, 813) 1
(127, 849) 1
(127, 888) 1
(127, 922) 1
(127, 948) 1
(127, 989) 1
(128, 43) 1
(128, 137) 1
(128, 222) 1
(128, 250) 1
(128, 336) 1
(128, 383) 1
(128, 447) 1
(128, 495) 1
(128, 570) 1
(128, 620) 1
(128, 671) 1
(128, 720) 1
(128, 768) 1
(128, 814) 1
(128, 845) 1
(128, 880) 1
(128, 920) 1
(128, 949) 1
(128, 991) 1
(129, 43) 1
(129, 138) 1
(129, 180) 1
(129, 282) 1
(129, 340) 1
(129, 400) 1
(129, 441) 1
(129, 512) 1
(129, 571) 1
(129, 614) 1
(129, 668) 1
(129, 718) 1
(129, 765) 1
(129, 815) 1
(129, 846) 1
(129, 882) 1
(129, 925) 1
(129, 962) 1
(129, 986) 1
(130, 44) 1
(130, 106) 1
(130, 223) 1
(130, 266) 1
(130, 337) 1
(130, 397) 1
(130, 454) 1
(130, 526) 1
(130, 571) 1
(130, 604) 1
(130, 671) 1
(130, 721) 1
(130, 764) 1
(130, 810) 1
(130, 847) 1
(130, 879) 1
(130, 911) 1
(130, 960) 1
(130, 994) 1
(131, 44) 1
(131, 139) 1
(131, 166) 1
(131, 263) 1
(131, 338) 1
(131, 386) 1
(131, 465) 1
(131, 524) 1
(131, 572) 1
(131, 621) 1
(131, 655) 1
(131, 720) 1
(131, 770) 1
(131, 809) 1
(131, 852) 1
(131, 882) 1
(131, 917) 1
(131, 952) 1
(131, 993) 1
(132, 44) 1
(132, 140) 1
(132, 183) 1
(132, 259) 1
(132, 329) 1
(132, 398) 1
(132, 466) 1
(132, 527) 1
(132, 573) 1
(132, 622) 1
(132, 672) 1
(132, 719) 1
(132, 768) 1
(132, 812) 1
(132, 846) 1
(132, 881) 1
(132, 922) 1
(132, 951) 1
(132, 999) 1
(133, 45) 1
(133, 107) 1
(133, 191) 1
(133, 282) 1
(133, 324) 1
(133, 401) 1
(133, 457) 1
(133, 525) 1
(133, 572) 1
(133, 596) 1
(133, 671) 1
(133, 719) 1
(133, 769) 1
(133, 811) 1
(133, 849) 1
(133, 884) 1
(133, 921) 1
(133, 950) 1
(133, 997) 1
(134, 45) 1
(134, 141) 1
(134, 208) 1
(134, 283) 1
(134, 338) 1
(134, 396) 1
(134, 462) 1
(134, 527) 1
(134, 571) 1
(134, 623) 1
(134, 673) 1
(134, 722) 1
(134, 771) 1
(134, 808) 1
(134, 844) 1
(134, 880) 1
(134, 918) 1
(134, 958) 1
(134, 995) 1
(135, 45) 1
(135, 142) 1
(135, 170) 1
(135, 262) 1
(135, 341) 1
(135, 398) 1
(135, 467) 1
(135, 526) 1
(135, 552) 1
(135, 609) 1
(135, 656) 1
(135, 723) 1
(135, 770) 1
(135, 813) 1
(135, 845) 1
(135, 887) 1
(135, 923) 1
(135, 961) 1
(135, 986) 1
(136, 46) 1
(136, 108) 1
(136, 198) 1
(136, 282) 1
(136, 337) 1
(136, 364) 1
(136, 445) 1
(136, 528) 1
(136, 569) 1
(136, 591) 1
(136, 670) 1
(136, 722) 1
(136, 768) 1
(136, 809) 1
(136, 841) 1
(136, 888) 1
(136, 923) 1
(136, 963) 1
(136, 992) 1
(137, 46) 1
(137, 143) 1
(137, 172) 1
(137, 284) 1
(137, 343) 1
(137, 389) 1
(137, 462) 1
(137, 526) 1
(137, 545) 1
(137, 621) 1
(137, 672) 1
(137, 724) 1
(137, 766) 1
(137, 814) 1
(137, 843) 1
(137, 878) 1
(137, 925) 1
(137, 948) 1
(137, 984) 1
(138, 46) 1
(138, 144) 1
(138, 221) 1
(138, 285) 1
(138, 322) 1
(138, 402) 1
(138, 466) 1
(138, 529) 1
(138, 551) 1
(138, 599) 1
(138, 671) 1
(138, 723) 1
(138, 771) 1
(138, 815) 1
(138, 850) 1
(138, 886) 1
(138, 917) 1
(138, 954) 1
(138, 985) 1
(139, 47) 1
(139, 109) 1
(139, 209) 1
(139, 283) 1
(139, 342) 1
(139, 403) 1
(139, 433) 1
(139, 526) 1
(139, 558) 1
(139, 617) 1
(139, 670) 1
(139, 725) 1
(139, 772) 1
(139, 811) 1
(139, 850) 1
(139, 889) 1
(139, 916) 1
(139, 962) 1
(139, 993) 1
(140, 47) 1
(140, 145) 1
(140, 181) 1
(140, 252) 1
(140, 341) 1
(140, 390) 1
(140, 463) 1
(140, 524) 1
(140, 573) 1
(140, 623) 1
(140, 674) 1
(140, 724) 1
(140, 769) 1
(140, 815) 1
(140, 851) 1
(140, 879) 1
(140, 920) 1
(140, 963) 1
(140, 987) 1
(141, 47) 1
(141, 146) 1
(141, 218) 1
(141, 280) 1
(141, 306) 1
(141, 393) 1
(141, 464) 1
(141, 528) 1
(141, 572) 1
(141, 622) 1
(141, 673) 1
(141, 721) 1
(141, 773) 1
(141, 814) 1
(141, 853) 1
(141, 883) 1
(141, 926) 1
(141, 946) 1
(141, 1000) 1
(142, 48) 1
(142, 110) 1
(142, 222) 1
(142, 280) 1
(142, 343) 1
(142, 401) 1
(142, 453) 1
(142, 504) 1
(142, 574) 1
(142, 623) 1
(142, 675) 1
(142, 698) 1
(142, 770) 1
(142, 810) 1
(142, 848) 1
(142, 886) 1
(142, 922) 1
(142, 957) 1
(142, 990) 1
(143, 48) 1
(143, 147) 1
(143, 190) 1
(143, 285) 1
(143, 338) 1
(143, 404) 1
(143, 468) 1
(143, 497) 1
(143, 564) 1
(143, 624) 1
(143, 672) 1
(143, 721) 1
(143, 772) 1
(143, 816) 1
(143, 851) 1
(143, 884) 1
(143, 913) 1
(143, 961) 1
(143, 991) 1
(144, 48) 1
(144, 148) 1
(144, 216) 1
(144, 270) 1
(144, 341) 1
(144, 400) 1
(144, 469) 1
(144, 528) 1
(144, 575) 1
(144, 621) 1
(144, 652) 1
(144, 725) 1
(144, 771) 1
(144, 817) 1
(144, 847) 1
(144, 890) 1
(144, 924) 1
(144, 949) 1
(144, 989) 1
(145, 49) 1
(145, 111) 1
(145, 213) 1
(145, 281) 1
(145, 342) 1
(145, 405) 1
(145, 459) 1
(145, 523) 1
(145, 560) 1
(145, 624) 1
(145, 653) 1
(145, 695) 1
(145, 770) 1
(145, 812) 1
(145, 844) 1
(145, 883) 1
(145, 920) 1
(145, 964) 1
(145, 997) 1
(146, 49) 1
(146, 149) 1
(146, 201) 1
(146, 285) 1
(146, 340) 1
(146, 406) 1
(146, 450) 1
(146, 517) 1
(146, 570) 1
(146, 616) 1
(146, 673) 1
(146, 724) 1
(146, 774) 1
(146, 817) 1
(146, 849) 1
(146, 885) 1
(146, 919) 1
(146, 951) 1
(147, 49) 1
(147, 150) 1
(147, 220) 1
(147, 277) 1
(147, 343) 1
(147, 407) 1
(147, 444) 1
(147, 506) 1
(147, 572) 1
(147, 610) 1
(147, 666) 1
(147, 722) 1
(147, 772) 1
(147, 815) 1
(147, 854) 1
(147, 881) 1
(147, 924) 1
(147, 960) 1
(147, 998) 1
(148, 50) 1
(148, 112) 1
(148, 222) 1
(148, 286) 1
(148, 314) 1
(148, 402) 1
(148, 461) 1
(148, 530) 1
(148, 576) 1
(148, 624) 1
(148, 659) 1
(148, 722) 1
(148, 773) 1
(148, 813) 1
(148, 852) 1
(148, 885) 1
(148, 925) 1
(148, 955) 1
(148, 987) 1
(149, 50) 1
(149, 151) 1
(149, 182) 1
(149, 277) 1
(149, 344) 1
(149, 396) 1
(149, 470) 1
(149, 522) 1
(149, 573) 1
(149, 593) 1
(149, 662) 1
(149, 723) 1
(149, 766) 1
(149, 816) 1
(149, 849) 1
(149, 889) 1
(149, 926) 1
(149, 952) 1
(149, 996) 1
(150, 50) 1
(150, 152) 1
(150, 219) 1
(150, 245) 1
(150, 345) 1
(150, 397) 1
(150, 452) 1
(150, 507) 1
(150, 574) 1
(150, 603) 1
(150, 673) 1
(150, 725) 1
(150, 775) 1
(150, 812) 1
(150, 851) 1
(150, 888) 1
(150, 921) 1
(150, 954) 1
(150, 986) 1
(151, 51) 1
(151, 113) 1
(151, 223) 1
(151, 286) 1
(151, 346) 1
(151, 400) 1
(151, 462) 1
(151, 503) 1
(151, 577) 1
(151, 625) 1
(151, 674) 1
(151, 720) 1
(151, 772) 1
(151, 812) 1
(151, 853) 1
(151, 886) 1
(151, 919) 1
(151, 965) 1
(151, 996) 1
(152, 51) 1
(152, 128) 1
(152, 224) 1
(152, 278) 1
(152, 304) 1
(152, 403) 1
(152, 471) 1
(152, 529) 1
(152, 571) 1
(152, 624) 1
(152, 675) 1
(152, 724) 1
(152, 775) 1
(152, 802) 1
(152, 854) 1
(152, 887) 1
(152, 915) 1
(152, 950) 1
(152, 988) 1
(153, 51) 1
(153, 153) 1
(153, 218) 1
(153, 256) 1
(153, 344) 1
(153, 404) 1
(153, 467) 1
(153, 515) 1
(153, 574) 1
(153, 626) 1
(153, 658) 1
(153, 722) 1
(153, 774) 1
(153, 818) 1
(153, 847) 1
(153, 891) 1
(153, 920) 1
(153, 962) 1
(153, 984) 1
(154, 52) 1
(154, 114) 1
(154, 184) 1
(154, 286) 1
(154, 347) 1
(154, 399) 1
(154, 468) 1
(154, 510) 1
(154, 574) 1
(154, 627) 1
(154, 676) 1
(154, 723) 1
(154, 776) 1
(154, 814) 1
(154, 854) 1
(154, 882) 1
(154, 927) 1
(154, 953) 1
(154, 994) 1
(155, 52) 1
(155, 123) 1
(155, 225) 1
(155, 282) 1
(155, 345) 1
(155, 405) 1
(155, 471) 1
(155, 530) 1
(155, 563) 1
(155, 625) 1
(155, 672) 1
(155, 726) 1
(155, 771) 1
(155, 818) 1
(155, 848) 1
(155, 889) 1
(155, 928) 1
(155, 960) 1
(155, 1000) 1
(156, 52) 1
(156, 154) 1
(156, 226) 1
(156, 287) 1
(156, 344) 1
(156, 391) 1
(156, 465) 1
(156, 529) 1
(156, 554) 1
(156, 628) 1
(156, 674) 1
(156, 725) 1
(156, 773) 1
(156, 819) 1
(156, 855) 1
(156, 884) 1
(156, 922) 1
(156, 956) 1
(156, 992) 1
(157, 53) 1
(157, 115) 1
(157, 224) 1
(157, 273) 1
(157, 343) 1
(157, 399) 1
(157, 452) 1
(157, 509) 1
(157, 575) 1
(157, 625) 1
(157, 670) 1
(157, 727) 1
(157, 773) 1
(157, 816) 1
(157, 856) 1
(157, 879) 1
(157, 929) 1
(157, 958) 1
(157, 997) 1
(158, 53) 1
(158, 122) 1
(158, 200) 1
(158, 287) 1
(158, 340) 1
(158, 408) 1
(158, 472) 1
(158, 514) 1
(158, 577) 1
(158, 612) 1
(158, 675) 1
(158, 684) 1
(158, 771) 1
(158, 814) 1
(158, 851) 1
(158, 891) 1
(158, 923) 1
(158, 952) 1
(158, 998) 1
(159, 53) 1
(159, 155) 1
(159, 227) 1
(159, 268) 1
(159, 311) 1
(159, 404) 1
(159, 463) 1
(159, 513) 1
(159, 576) 1
(159, 627) 1
(159, 661) 1
(159, 725) 1
(159, 770) 1
(159, 820) 1
(159, 849) 1
(159, 892) 1
(159, 918) 1
(159, 959) 1
(159, 985) 1
(160, 54) 1
(160, 116) 1
(160, 227) 1
(160, 284) 1
(160, 348) 1
(160, 403) 1
(160, 461) 1
(160, 531) 1
(160, 572) 1
(160, 598) 1
(160, 674) 1
(160, 715) 1
(160, 774) 1
(160, 816) 1
(160, 848) 1
(160, 888) 1
(160, 927) 1
(160, 964) 1
(160, 995) 1
(161, 54) 1
(161, 125) 1
(161, 219) 1
(161, 288) 1
(161, 349) 1
(161, 401) 1
(161, 472) 1
(161, 493) 1
(161, 576) 1
(161, 626) 1
(161, 676) 1
(161, 724) 1
(161, 772) 1
(161, 819) 1
(161, 856) 1
(161, 883) 1
(161, 928) 1
(161, 966) 1
(161, 989) 1
(162, 54) 1
(162, 156) 1
(162, 185) 1
(162, 276) 1
(162, 333) 1
(162, 398) 1
(162, 468) 1
(162, 529) 1
(162, 575) 1
(162, 629) 1
(162, 677) 1
(162, 726) 1
(162, 777) 1
(162, 820) 1
(162, 852) 1
(162, 891) 1
(162, 916) 1
(162, 957) 1
(162, 996) 1
(163, 55) 1
(163, 117) 1
(163, 215) 1
(163, 284) 1
(163, 345) 1
(163, 409) 1
(163, 436) 1
(163, 489) 1
(163, 500) 1
(163, 566) 1
(163, 675) 1
(163, 727) 1
(163, 776) 1
(163, 815) 1
(163, 852) 1
(163, 884) 1
(163, 918) 1
(163, 965) 1
(163, 999) 1
(164, 55) 1
(164, 124) 1
(164, 195) 1
(164, 289) 1
(164, 344) 1
(164, 406) 1
(164, 469) 1
(164, 527) 1
(164, 577) 1
(164, 627) 1
(164, 677) 1
(164, 706) 1
(164, 775) 1
(164, 821) 1
(164, 850) 1
(164, 893) 1
(164, 925) 1
(164, 961) 1
(164, 997) 1
(165, 55) 1
(165, 157) 1
(165, 228) 1
(165, 283) 1
(165, 347) 1
(165, 407) 1
(165, 473) 1
(165, 502) 1
(165, 578) 1
(165, 618) 1
(165, 674) 1
(165, 726) 1
(165, 778) 1
(165, 817) 1
(165, 856) 1
(165, 887) 1
(165, 926) 1
(165, 954) 1
(165, 990) 1
(166, 56) 1
(166, 118) 1
(166, 229) 1
(166, 279) 1
(166, 346) 1
(166, 408) 1
(166, 470) 1
(166, 519) 1
(166, 578) 1
(166, 627) 1
(166, 678) 1
(166, 703) 1
(166, 773) 1
(166, 815) 1
(166, 857) 1
(166, 890) 1
(166, 921) 1
(166, 964) 1
(166, 988) 1
(167, 56) 1
(167, 127) 1
(167, 217) 1
(167, 265) 1
(167, 345) 1
(167, 404) 1
(167, 474) 1
(167, 531) 1
(167, 577) 1
(167, 628) 1
(167, 679) 1
(167, 702) 1
(167, 777) 1
(167, 817) 1
(167, 854) 1
(167, 894) 1
(167, 929) 1
(167, 963) 1
(167, 993) 1
(168, 56) 1
(168, 158) 1
(168, 228) 1
(168, 251) 1
(168, 349) 1
(168, 410) 1
(168, 455) 1
(168, 521) 1
(168, 573) 1
(168, 629) 1
(168, 680) 1
(168, 712) 1
(168, 753) 1
(168, 818) 1
(168, 850) 1
(168, 884) 1
(168, 919) 1
(168, 959) 1
(168, 994) 1
(169, 57) 1
(169, 119) 1
(169, 230) 1
(169, 290) 1
(169, 327) 1
(169, 405) 1
(169, 466) 1
(169, 531) 1
(169, 579) 1
(169, 630) 1
(169, 677) 1
(169, 727) 1
(169, 778) 1
(169, 819) 1
(169, 849) 1
(169, 890) 1
(169, 923) 1
(169, 955) 1
(169, 991) 1
(170, 57) 1
(170, 126) 1
(170, 226) 1
(170, 241) 1
(170, 349) 1
(170, 400) 1
(170, 475) 1
(170, 525) 1
(170, 578) 1
(170, 631) 1
(170, 679) 1
(170, 728) 1
(170, 774) 1
(170, 820) 1
(170, 851) 1
(170, 889) 1
(170, 930) 1
(170, 958) 1
(170, 999) 1
(171, 57) 1
(171, 159) 1
(171, 222) 1
(171, 269) 1
(171, 350) 1
(171, 406) 1
(171, 476) 1
(171, 516) 1
(171, 580) 1
(171, 626) 1
(171, 678) 1
(171, 726) 1
(171, 776) 1
(171, 816) 1
(171, 853) 1
(171, 892) 1
(171, 924) 1
(171, 963) 1
(172, 58) 1
(172, 120) 1
(172, 223) 1
(172, 288) 1
(172, 351) 1
(172, 407) 1
(172, 477) 1
(172, 520) 1
(172, 579) 1
(172, 628) 1
(172, 678) 1
(172, 728) 1
(172, 775) 1
(172, 818) 1
(172, 852) 1
(172, 895) 1
(172, 927) 1
(172, 967) 1
(173, 58) 1
(173, 121) 1
(173, 226) 1
(173, 284) 1
(173, 352) 1
(173, 411) 1
(173, 459) 1
(173, 532) 1
(173, 580) 1
(173, 629) 1
(173, 676) 1
(173, 729) 1
(173, 778) 1
(173, 821) 1
(173, 857) 1
(173, 885) 1
(173, 929) 1
(173, 952) 1
(173, 1000) 1
(174, 58) 1
(174, 160) 1
(174, 199) 1
(174, 291) 1
(174, 321) 1
(174, 402) 1
(174, 467) 1
(174, 533) 1
(174, 581) 1
(174, 611) 1
(174, 677) 1
(174, 730) 1
(174, 776) 1
(174, 817) 1
(174, 855) 1
(174, 888) 1
(174, 928) 1
(174, 958) 1
(174, 998) 1
(175, 59) 1
(175, 129) 1
(175, 225) 1
(175, 292) 1
(175, 346) 1
(175, 369) 1
(175, 473) 1
(175, 533) 1
(175, 562) 1
(175, 624) 1
(175, 667) 1
(175, 728) 1
(175, 777) 1
(175, 819) 1
(175, 858) 1
(175, 892) 1
(175, 931) 1
(175, 962) 1
(175, 995) 1
(176, 59) 1
(176, 141) 1
(176, 189) 1
(176, 278) 1
(176, 328) 1
(176, 402) 1
(176, 472) 1
(176, 532) 1
(176, 575) 1
(176, 630) 1
(176, 668) 1
(176, 704) 1
(176, 774) 1
(176, 822) 1
(176, 853) 1
(176, 893) 1
(176, 922) 1
(176, 959) 1
(176, 993) 1
(177, 59) 1
(177, 149) 1
(177, 230) 1
(177, 255) 1
(177, 348) 1
(177, 412) 1
(177, 464) 1
(177, 534) 1
(177, 581) 1
(177, 626) 1
(177, 679) 1
(177, 713) 1
(177, 754) 1
(177, 815) 1
(177, 859) 1
(177, 887) 1
(177, 932) 1
(177, 956) 1
(177, 994) 1
(178, 60) 1
(178, 130) 1
(178, 230) 1
(178, 273) 1
(178, 352) 1
(178, 366) 1
(178, 478) 1
(178, 530) 1
(178, 582) 1
(178, 631) 1
(178, 678) 1
(178, 707) 1
(178, 777) 1
(178, 822) 1
(178, 850) 1
(178, 888) 1
(178, 920) 1
(178, 965) 1
(179, 60) 1
(179, 143) 1
(179, 217) 1
(179, 292) 1
(179, 350) 1
(179, 413) 1
(179, 479) 1
(179, 532) 1
(179, 579) 1
(179, 622) 1
(179, 642) 1
(179, 701) 1
(179, 779) 1
(179, 820) 1
(179, 855) 1
(179, 887) 1
(179, 933) 1
(179, 960) 1
(179, 997) 1
(180, 60) 1
(180, 151) 1
(180, 223) 1
(180, 275) 1
(180, 353) 1
(180, 409) 1
(180, 480) 1
(180, 534) 1
(180, 574) 1
(180, 629) 1
(180, 663) 1
(180, 730) 1
(180, 780) 1
(180, 819) 1
(180, 860) 1
(180, 893) 1
(180, 924) 1
(180, 964) 1
(180, 987) 1
(181, 61) 1
(181, 131) 1
(181, 231) 1
(181, 288) 1
(181, 354) 1
(181, 412) 1
(181, 474) 1
(181, 509) 1
(181, 568) 1
(181, 623) 1
(181, 681) 1
(181, 729) 1
(181, 776) 1
(181, 820) 1
(181, 858) 1
(181, 890) 1
(181, 919) 1
(181, 961) 1
(182, 61) 1
(182, 137) 1
(182, 214) 1
(182, 293) 1
(182, 352) 1
(182, 408) 1
(182, 468) 1
(182, 526) 1
(182, 581) 1
(182, 630) 1
(182, 680) 1
(182, 728) 1
(182, 757) 1
(182, 823) 1
(182, 856) 1
(182, 886) 1
(182, 924) 1
(182, 968) 1
(182, 992) 1
(183, 61) 1
(183, 145) 1
(183, 232) 1
(183, 261) 1
(183, 339) 1
(183, 406) 1
(183, 480) 1
(183, 528) 1
(183, 582) 1
(183, 632) 1
(183, 676) 1
(183, 727) 1
(183, 779) 1
(183, 818) 1
(183, 859) 1
(183, 894) 1
(183, 921) 1
(183, 957) 1
(183, 995) 1
(184, 62) 1
(184, 132) 1
(184, 230) 1
(184, 291) 1
(184, 347) 1
(184, 414) 1
(184, 481) 1
(184, 528) 1
(184, 580) 1
(184, 633) 1
(184, 680) 1
(184, 731) 1
(184, 775) 1
(184, 820) 1
(184, 860) 1
(184, 896) 1
(184, 922) 1
(184, 962) 1
(185, 62) 1
(185, 139) 1
(185, 219) 1
(185, 293) 1
(185, 325) 1
(185, 413) 1
(185, 482) 1
(185, 506) 1
(185, 582) 1
(185, 634) 1
(185, 679) 1
(185, 729) 1
(185, 767) 1
(185, 816) 1
(185, 861) 1
(185, 891) 1
(185, 925) 1
(185, 959) 1
(185, 990) 1
(186, 62) 1
(186, 147) 1
(186, 203) 1
(186, 254) 1
(186, 351) 1
(186, 410) 1
(186, 483) 1
(186, 530) 1
(186, 583) 1
(186, 630) 1
(186, 681) 1
(186, 730) 1
(186, 779) 1
(186, 821) 1
(186, 854) 1
(186, 892) 1
(186, 926) 1
(186, 956) 1
(186, 999) 1
(187, 63) 1
(187, 133) 1
(187, 233) 1
(187, 289) 1
(187, 348) 1
(187, 399) 1
(187, 475) 1
(187, 533) 1
(187, 583) 1
(187, 632) 1
(187, 680) 1
(187, 729) 1
(187, 780) 1
(187, 822) 1
(187, 852) 1
(187, 897) 1
(187, 923) 1
(187, 960) 1
(188, 63) 1
(188, 142) 1
(188, 212) 1
(188, 290) 1
(188, 351) 1
(188, 408) 1
(188, 479) 1
(188, 534) 1
(188, 584) 1
(188, 619) 1
(188, 682) 1
(188, 731) 1
(188, 777) 1
(188, 816) 1
(188, 862) 1
(188, 898) 1
(188, 928) 1
(188, 953) 1
(189, 63) 1
(189, 152) 1
(189, 232) 1
(189, 268) 1
(189, 320) 1
(189, 415) 1
(189, 478) 1
(189, 521) 1
(189, 577) 1
(189, 633) 1
(189, 681) 1
(189, 728) 1
(189, 761) 1
(189, 824) 1
(189, 855) 1
(189, 885) 1
(189, 932) 1
(189, 964) 1
(189, 989) 1
(190, 64) 1
(190, 134) 1
(190, 231) 1
(190, 290) 1
(190, 353) 1
(190, 411) 1
(190, 463) 1
(190, 535) 1
(190, 585) 1
(190, 605) 1
(190, 660) 1
(190, 732) 1
(190, 779) 1
(190, 817) 1
(190, 852) 1
(190, 886) 1
(190, 930) 1
(190, 962) 1
(190, 994) 1
(191, 64) 1
(191, 144) 1
(191, 225) 1
(191, 277) 1
(191, 349) 1
(191, 414) 1
(191, 484) 1
(191, 518) 1
(191, 583) 1
(191, 634) 1
(191, 657) 1
(191, 709) 1
(191, 778) 1
(191, 823) 1
(191, 836) 1
(191, 888) 1
(191, 932) 1
(191, 957) 1
(191, 993) 1
(192, 64) 1
(192, 160) 1
(192, 174) 1
(192, 283) 1
(192, 330) 1
(192, 413) 1
(192, 485) 1
(192, 534) 1
(192, 586) 1
(192, 628) 1
(192, 681) 1
(192, 733) 1
(192, 781) 1
(192, 822) 1
(192, 857) 1
(192, 896) 1
(192, 931) 1
(192, 966) 1
(192, 991) 1
(193, 65) 1
(193, 135) 1
(193, 224) 1
(193, 244) 1
(193, 350) 1
(193, 414) 1
(193, 465) 1
(193, 535) 1
(193, 559) 1
(193, 631) 1
(193, 682) 1
(193, 733) 1
(193, 780) 1
(193, 818) 1
(193, 858) 1
(193, 899) 1
(193, 925) 1
(193, 968) 1
(193, 996) 1
(194, 65) 1
(194, 138) 1
(194, 231) 1
(194, 281) 1
(194, 307) 1
(194, 415) 1
(194, 467) 1
(194, 536) 1
(194, 583) 1
(194, 615) 1
(194, 654) 1
(194, 731) 1
(194, 781) 1
(194, 819) 1
(194, 853) 1
(194, 889) 1
(194, 921) 1
(194, 967) 1
(195, 65) 1
(195, 148) 1
(195, 228) 1
(195, 294) 1
(195, 337) 1
(195, 416) 1
(195, 482) 1
(195, 514) 1
(195, 576) 1
(195, 597) 1
(195, 683) 1
(195, 730) 1
(195, 782) 1
(195, 822) 1
(195, 859) 1
(195, 895) 1
(195, 929) 1
(195, 961) 1
(196, 66) 1
(196, 136) 1
(196, 231) 1
(196, 286) 1
(196, 355) 1
(196, 417) 1
(196, 483) 1
(196, 517) 1
(196, 586) 1
(196, 620) 1
(196, 682) 1
(196, 734) 1
(196, 778) 1
(196, 824) 1
(196, 859) 1
(196, 891) 1
(196, 933) 1
(196, 958) 1
(197, 66) 1
(197, 140) 1
(197, 233) 1
(197, 278) 1
(197, 356) 1
(197, 409) 1
(197, 481) 1
(197, 512) 1
(197, 584) 1
(197, 631) 1
(197, 683) 1
(197, 732) 1
(197, 781) 1
(197, 821) 1
(197, 855) 1
(197, 890) 1
(197, 927) 1
(197, 957) 1
(198, 66) 1
(198, 158) 1
(198, 176) 1
(198, 274) 1
(198, 350) 1
(198, 418) 1
(198, 477) 1
(198, 523) 1
(198, 585) 1
(198, 609) 1
(198, 684) 1
(198, 731) 1
(198, 782) 1
(198, 823) 1
(198, 857) 1
(198, 893) 1
(198, 926) 1
(198, 965) 1
(198, 995) 1
(199, 67) 1
(199, 137) 1
(199, 227) 1
(199, 291) 1
(199, 355) 1
(199, 416) 1
(199, 486) 1
(199, 522) 1
(199, 585) 1
(199, 632) 1
(199, 685) 1
(199, 733) 1
(199, 783) 1
(199, 819) 1
(199, 861) 1
(199, 898) 1
(199, 932) 1
(199, 963) 1
(199, 997) 1
(200, 67) 1
(200, 150) 1
(200, 175) 1
(200, 295) 1
(200, 346) 1
(200, 411) 1
(200, 476) 1
(200, 537) 1
(200, 584) 1
(200, 621) 1
(200, 684) 1
(200, 734) 1
(200, 780) 1
(200, 820) 1
(200, 856) 1
(200, 894) 1
(200, 934) 1
(200, 956) 1
(201, 67) 1
(201, 157) 1
(201, 196) 1
(201, 285) 1
(201, 331) 1
(201, 418) 1
(201, 471) 1
(201, 535) 1
(201, 548) 1
(201, 634) 1
(201, 683) 1
(201, 735) 1
(201, 784) 1
(201, 824) 1
(201, 853) 1
(201, 896) 1
(201, 923) 1
(201, 953) 1
(201, 999) 1
(202, 68) 1
(202, 138) 1
(202, 211) 1
(202, 295) 1
(202, 347) 1
(202, 419) 1
(202, 487) 1
(202, 513) 1
(202, 585) 1
(202, 634) 1
(202, 682) 1
(202, 708) 1
(202, 785) 1
(202, 821) 1
(202, 863) 1
(202, 895) 1
(202, 924) 1
(202, 966) 1
(203, 68) 1
(203, 151) 1
(203, 234) 1
(203, 293) 1
(203, 357) 1
(203, 417) 1
(203, 460) 1
(203, 536) 1
(203, 587) 1
(203, 632) 1
(203, 683) 1
(203, 720) 1
(203, 752) 1
(203, 817) 1
(203, 857) 1
(203, 892) 1
(203, 934) 1
(203, 969) 1
(204, 68) 1
(204, 161) 1
(204, 229) 1
(204, 247) 1
(204, 354) 1
(204, 416) 1
(204, 466) 1
(204, 508) 1
(204, 586) 1
(204, 626) 1
(204, 684) 1
(204, 732) 1
(204, 784) 1
(204, 825) 1
(204, 854) 1
(204, 889) 1
(204, 925) 1
(204, 970) 1
(204, 992) 1
(205, 69) 1
(205, 139) 1
(205, 225) 1
(205, 280) 1
(205, 354) 1
(205, 420) 1
(205, 487) 1
(205, 532) 1
(205, 587) 1
(205, 633) 1
(205, 685) 1
(205, 710) 1
(205, 780) 1
(205, 826) 1
(205, 859) 1
(205, 900) 1
(205, 927) 1
(205, 965) 1
(205, 998) 1
(206, 69) 1
(206, 157) 1
(206, 232) 1
(206, 296) 1
(206, 326) 1
(206, 421) 1
(206, 470) 1
(206, 538) 1
(206, 581) 1
(206, 635) 1
(206, 684) 1
(206, 733) 1
(206, 785) 1
(206, 827) 1
(206, 860) 1
(206, 892) 1
(206, 929) 1
(206, 960) 1
(207, 69) 1
(207, 162) 1
(207, 179) 1
(207, 295) 1
(207, 356) 1
(207, 410) 1
(207, 469) 1
(207, 511) 1
(207, 586) 1
(207, 636) 1
(207, 686) 1
(207, 735) 1
(207, 782) 1
(207, 828) 1
(207, 858) 1
(207, 897) 1
(207, 928) 1
(207, 963) 1
(207, 990) 1
(208, 70) 1
(208, 140) 1
(208, 234) 1
(208, 294) 1
(208, 342) 1
(208, 401) 1
(208, 478) 1
(208, 515) 1
(208, 561) 1
(208, 635) 1
(208, 685) 1
(208, 734) 1
(208, 784) 1
(208, 823) 1
(208, 858) 1
(208, 901) 1
(208, 930) 1
(208, 967) 1
(208, 1000) 1
(209, 70) 1
(209, 146) 1
(209, 235) 1
(209, 265) 1
(209, 355) 1
(209, 407) 1
(209, 475) 1
(209, 536) 1
(209, 588) 1
(209, 633) 1
(209, 686) 1
(209, 732) 1
(209, 785) 1
(209, 829) 1
(209, 862) 1
(209, 893) 1
(209, 931) 1
(209, 968) 1
(210, 70) 1
(210, 163) 1
(210, 202) 1
(210, 292) 1
(210, 358) 1
(210, 419) 1
(210, 488) 1
(210, 529) 1
(210, 589) 1
(210, 636) 1
(210, 687) 1
(210, 718) 1
(210, 781) 1
(210, 818) 1
(210, 856) 1
(210, 898) 1
(210, 935) 1
(210, 961) 1
(210, 998) 1
(211, 71) 1
(211, 141) 1
(211, 229) 1
(211, 266) 1
(211, 358) 1
(211, 414) 1
(211, 489) 1
(211, 537) 1
(211, 588) 1
(211, 635) 1
(211, 688) 1
(211, 735) 1
(211, 783) 1
(211, 821) 1
(211, 859) 1
(211, 902) 1
(211, 936) 1
(211, 969) 1
(212, 71) 1
(212, 146) 1
(212, 193) 1
(212, 290) 1
(212, 359) 1
(212, 418) 1
(212, 482) 1
(212, 538) 1
(212, 587) 1
(212, 625) 1
(212, 687) 1
(212, 734) 1
(212, 786) 1
(212, 825) 1
(212, 855) 1
(212, 897) 1
(212, 937) 1
(212, 966) 1
(213, 71) 1
(213, 164) 1
(213, 227) 1
(213, 296) 1
(213, 357) 1
(213, 422) 1
(213, 453) 1
(213, 507) 1
(213, 582) 1
(213, 636) 1
(213, 672) 1
(213, 736) 1
(213, 784) 1
(213, 826) 1
(213, 862) 1
(213, 890) 1
(213, 926) 1
(213, 962) 1
(214, 72) 1
(214, 142) 1
(214, 234) 1
(214, 297) 1
(214, 360) 1
(214, 412) 1
(214, 484) 1
(214, 537) 1
(214, 569) 1
(214, 636) 1
(214, 689) 1
(214, 733) 1
(214, 786) 1
(214, 824) 1
(214, 863) 1
(214, 889) 1
(214, 927) 1
(214, 971) 1
(215, 72) 1
(215, 147) 1
(215, 236) 1
(215, 298) 1
(215, 358) 1
(215, 411) 1
(215, 490) 1
(215, 527) 1
(215, 556) 1
(215, 637) 1
(215, 669) 1
(215, 736) 1
(215, 782) 1
(215, 825) 1
(215, 853) 1
(215, 891) 1
(215, 931) 1
(215, 964) 1
(216, 72) 1
(216, 165) 1
(216, 192) 1
(216, 281) 1
(216, 356) 1
(216, 413) 1
(216, 491) 1
(216, 538) 1
(216, 588) 1
(216, 638) 1
(216, 671) 1
(216, 737) 1
(216, 784) 1
(216, 830) 1
(216, 856) 1
(216, 895) 1
(216, 932) 1
(216, 965) 1
(217, 73) 1
(217, 143) 1
(217, 233) 1
(217, 264) 1
(217, 357) 1
(217, 405) 1
(217, 490) 1
(217, 539) 1
(217, 578) 1
(217, 629) 1
(217, 685) 1
(217, 735) 1
(217, 785) 1
(217, 830) 1
(217, 864) 1
(217, 894) 1
(217, 935) 1
(217, 970) 1
(218, 73) 1
(218, 159) 1
(218, 209) 1
(218, 297) 1
(218, 353) 1
(218, 416) 1
(218, 488) 1
(218, 540) 1
(218, 588) 1
(218, 614) 1
(218, 690) 1
(218, 736) 1
(218, 787) 1
(218, 823) 1
(218, 855) 1
(218, 896) 1
(218, 934) 1
(218, 972) 1
(218, 996) 1
(219, 73) 1
(219, 162) 1
(219, 235) 1
(219, 287) 1
(219, 334) 1
(219, 415) 1
(219, 492) 1
(219, 541) 1
(219, 589) 1
(219, 634) 1
(219, 688) 1
(219, 737) 1
(219, 756) 1
(219, 822) 1
(219, 860) 1
(219, 890) 1
(219, 930) 1
(219, 971) 1
(220, 74) 1
(220, 144) 1
(220, 237) 1
(220, 271) 1
(220, 359) 1
(220, 403) 1
(220, 492) 1
(220, 542) 1
(220, 590) 1
(220, 637) 1
(220, 678) 1
(220, 738) 1
(220, 781) 1
(220, 824) 1
(220, 858) 1
(220, 893) 1
(220, 929) 1
(220, 969) 1
(221, 74) 1
(221, 145) 1
(221, 200) 1
(221, 295) 1
(221, 333) 1
(221, 422) 1
(221, 485) 1
(221, 540) 1
(221, 579) 1
(221, 635) 1
(221, 687) 1
(221, 737) 1
(221, 788) 1
(221, 829) 1
(221, 861) 1
(221, 899) 1
(221, 938) 1
(221, 964) 1
(221, 999) 1
(222, 74) 1
(222, 165) 1
(222, 206) 1
(222, 299) 1
(222, 355) 1
(222, 420) 1
(222, 489) 1
(222, 539) 1
(222, 584) 1
(222, 639) 1
(222, 689) 1
(222, 736) 1
(222, 789) 1
(222, 822) 1
(222, 865) 1
(222, 892) 1
(222, 937) 1
(222, 967) 1
(223, 75) 1
(223, 148) 1
(223, 171) 1
(223, 298) 1
(223, 348) 1
(223, 423) 1
(223, 487) 1
(223, 520) 1
(223, 580) 1
(223, 638) 1
(223, 686) 1
(223, 738) 1
(223, 783) 1
(223, 823) 1
(223, 864) 1
(223, 899) 1
(223, 933) 1
(223, 971) 1
(224, 75) 1
(224, 153) 1
(224, 221) 1
(224, 274) 1
(224, 360) 1
(224, 422) 1
(224, 473) 1
(224, 535) 1
(224, 583) 1
(224, 637) 1
(224, 688) 1
(224, 739) 1
(224, 785) 1
(224, 828) 1
(224, 865) 1
(224, 898) 1
(224, 934) 1
(224, 973) 1
(224, 1000) 1
(225, 75) 1
(225, 163) 1
(225, 232) 1
(225, 299) 1
(225, 361) 1
(225, 424) 1
(225, 493) 1
(225, 537) 1
(225, 564) 1
(225, 630) 1
(225, 690) 1
(225, 737) 1
(225, 782) 1
(225, 826) 1
(225, 866) 1
(225, 901) 1
(225, 939) 1
(225, 970) 1
(226, 76) 1
(226, 149) 1
(226, 228) 1
(226, 299) 1
(226, 332) 1
(226, 425) 1
(226, 494) 1
(226, 540) 1
(226, 589) 1
(226, 637) 1
(226, 675) 1
(226, 723) 1
(226, 783) 1
(226, 827) 1
(226, 857) 1
(226, 894) 1
(226, 928) 1
(226, 968) 1
(227, 76) 1
(227, 155) 1
(227, 205) 1
(227, 300) 1
(227, 362) 1
(227, 409) 1
(227, 476) 1
(227, 536) 1
(227, 590) 1
(227, 638) 1
(227, 687) 1
(227, 739) 1
(227, 787) 1
(227, 826) 1
(227, 863) 1
(227, 891) 1
(227, 930) 1
(227, 974) 1
(228, 76) 1
(228, 166) 1
(228, 235) 1
(228, 298) 1
(228, 363) 1
(228, 421) 1
(228, 479) 1
(228, 518) 1
(228, 591) 1
(228, 627) 1
(228, 689) 1
(228, 740) 1
(228, 788) 1
(228, 828) 1
(228, 859) 1
(228, 896) 1
(228, 926) 1
(228, 970) 1
(229, 77) 1
(229, 150) 1
(229, 233) 1
(229, 270) 1
(229, 359) 1
(229, 421) 1
(229, 474) 1
(229, 530) 1
(229, 553) 1
(229, 638) 1
(229, 688) 1
(229, 719) 1
(229, 789) 1
(229, 829) 1
(229, 857) 1
(229, 900) 1
(229, 939) 1
(229, 972) 1
(230, 77) 1
(230, 156) 1
(230, 236) 1
(230, 267) 1
(230, 364) 1
(230, 415) 1
(230, 477) 1
(230, 540) 1
(230, 590) 1
(230, 639) 1
(230, 686) 1
(230, 740) 1
(230, 786) 1
(230, 821) 1
(230, 866) 1
(230, 898) 1
(230, 940) 1
(230, 975) 1
(231, 77) 1
(231, 163) 1
(231, 197) 1
(231, 300) 1
(231, 365) 1
(231, 410) 1
(231, 464) 1
(231, 539) 1
(231, 585) 1
(231, 640) 1
(231, 691) 1
(231, 738) 1
(231, 788) 1
(231, 825) 1
(231, 860) 1
(231, 902) 1
(231, 927) 1
(231, 968) 1
(232, 78) 1
(232, 152) 1
(232, 210) 1
(232, 298) 1
(232, 365) 1
(232, 417) 1
(232, 485) 1
(232, 541) 1
(232, 592) 1
(232, 639) 1
(232, 690) 1
(232, 739) 1
(232, 790) 1
(232, 827) 1
(232, 858) 1
(232, 895) 1
(232, 935) 1
(232, 976) 1
(233, 78) 1
(233, 164) 1
(233, 237) 1
(233, 301) 1
(233, 335) 1
(233, 419) 1
(233, 491) 1
(233, 543) 1
(233, 575) 1
(233, 640) 1
(233, 689) 1
(233, 741) 1
(233, 783) 1
(233, 829) 1
(233, 866) 1
(233, 897) 1
(233, 930) 1
(233, 973) 1
(234, 78) 1
(234, 167) 1
(234, 226) 1
(234, 294) 1
(234, 361) 1
(234, 426) 1
(234, 494) 1
(234, 544) 1
(234, 591) 1
(234, 641) 1
(234, 691) 1
(234, 742) 1
(234, 786) 1
(234, 830) 1
(234, 861) 1
(234, 893) 1
(234, 933) 1
(234, 972) 1
(234, 998) 1
(235, 79) 1
(235, 153) 1
(235, 236) 1
(235, 302) 1
(235, 366) 1
(235, 420) 1
(235, 472) 1
(235, 524) 1
(235, 591) 1
(235, 640) 1
(235, 690) 1
(235, 743) 1
(235, 791) 1
(235, 824) 1
(235, 862) 1
(235, 894) 1
(235, 936) 1
(235, 974) 1
(236, 79) 1
(236, 162) 1
(236, 229) 1
(236, 301) 1
(236, 362) 1
(236, 423) 1
(236, 495) 1
(236, 510) 1
(236, 567) 1
(236, 639) 1
(236, 691) 1
(236, 744) 1
(236, 792) 1
(236, 831) 1
(236, 867) 1
(236, 896) 1
(236, 929) 1
(236, 965) 1
(237, 79) 1
(237, 167) 1
(237, 213) 1
(237, 303) 1
(237, 359) 1
(237, 425) 1
(237, 483) 1
(237, 541) 1
(237, 593) 1
(237, 642) 1
(237, 677) 1
(237, 740) 1
(237, 769) 1
(237, 823) 1
(237, 863) 1
(237, 902) 1
(237, 931) 1
(237, 973) 1
(238, 80) 1
(238, 154) 1
(238, 214) 1
(238, 300) 1
(238, 367) 1
(238, 427) 1
(238, 490) 1
(238, 531) 1
(238, 592) 1
(238, 641) 1
(238, 665) 1
(238, 737) 1
(238, 755) 1
(238, 824) 1
(238, 865) 1
(238, 897) 1
(238, 940) 1
(238, 977) 1
(239, 80) 1
(239, 158) 1
(239, 238) 1
(239, 291) 1
(239, 323) 1
(239, 424) 1
(239, 496) 1
(239, 541) 1
(239, 594) 1
(239, 643) 1
(239, 682) 1
(239, 738) 1
(239, 787) 1
(239, 828) 1
(239, 854) 1
(239, 900) 1
(239, 936) 1
(239, 967) 1
(240, 80) 1
(240, 165) 1
(240, 239) 1
(240, 296) 1
(240, 353) 1
(240, 423) 1
(240, 497) 1
(240, 525) 1
(240, 593) 1
(240, 644) 1
(240, 692) 1
(240, 739) 1
(240, 788) 1
(240, 832) 1
(240, 866) 1
(240, 894) 1
(240, 941) 1
(240, 966) 1
(241, 81) 1
(241, 154) 1
(241, 220) 1
(241, 297) 1
(241, 363) 1
(241, 418) 1
(241, 495) 1
(241, 543) 1
(241, 593) 1
(241, 633) 1
(241, 693) 1
(241, 742) 1
(241, 789) 1
(241, 827) 1
(241, 864) 1
(241, 898) 1
(241, 936) 1
(241, 978) 1
(242, 81) 1
(242, 161) 1
(242, 237) 1
(242, 289) 1
(242, 364) 1
(242, 424) 1
(242, 498) 1
(242, 544) 1
(242, 592) 1
(242, 622) 1
(242, 692) 1
(242, 743) 1
(242, 792) 1
(242, 833) 1
(242, 860) 1
(242, 899) 1
(242, 928) 1
(242, 979) 1
(243, 81) 1
(243, 168) 1
(243, 207) 1
(243, 302) 1
(243, 365) 1
(243, 428) 1
(243, 480) 1
(243, 542) 1
(243, 576) 1
(243, 641) 1
(243, 688) 1
(243, 740) 1
(243, 787) 1
(243, 831) 1
(243, 868) 1
(243, 901) 1
(243, 932) 1
(243, 980) 1
(243, 999) 1
(244, 82) 1
(244, 155) 1
(244, 234) 1
(244, 303) 1
(244, 368) 1
(244, 429) 1
(244, 469) 1
(244, 542) 1
(244, 592) 1
(244, 640) 1
(244, 693) 1
(244, 726) 1
(244, 793) 1
(244, 830) 1
(244, 867) 1
(244, 900) 1
(244, 937) 1
(244, 975) 1
(245, 82) 1
(245, 159) 1
(245, 237) 1
(245, 288) 1
(245, 367) 1
(245, 430) 1
(245, 451) 1
(245, 545) 1
(245, 594) 1
(245, 642) 1
(245, 691) 1
(245, 745) 1
(245, 789) 1
(245, 826) 1
(245, 868) 1
(245, 903) 1
(245, 935) 1
(245, 971) 1
(245, 1000) 1
(246, 82) 1
(246, 169) 1
(246, 238) 1
(246, 302) 1
(246, 369) 1
(246, 421) 1
(246, 499) 1
(246, 543) 1
(246, 579) 1
(246, 644) 1
(246, 673) 1
(246, 744) 1
(246, 790) 1
(246, 810) 1
(246, 863) 1
(246, 904) 1
(246, 934) 1
(246, 963) 1
(247, 83) 1
(247, 156) 1
(247, 224) 1
(247, 301) 1
(247, 368) 1
(247, 427) 1
(247, 486) 1
(247, 545) 1
(247, 595) 1
(247, 643) 1
(247, 692) 1
(247, 742) 1
(247, 790) 1
(247, 811) 1
(247, 862) 1
(247, 901) 1
(247, 938) 1
(247, 969) 1
(248, 83) 1
(248, 160) 1
(248, 235) 1
(248, 253) 1
(248, 360) 1
(248, 426) 1
(248, 497) 1
(248, 546) 1
(248, 594) 1
(248, 640) 1
(248, 694) 1
(248, 744) 1
(248, 794) 1
(248, 827) 1
(248, 869) 1
(248, 899) 1
(248, 932) 1
(248, 977) 1
(249, 83) 1
(249, 168) 1
(249, 215) 1
(249, 293) 1
(249, 370) 1
(249, 425) 1
(249, 488) 1
(249, 538) 1
(249, 596) 1
(249, 644) 1
(249, 693) 1
(249, 741) 1
(249, 791) 1
(249, 826) 1
(249, 865) 1
(249, 905) 1
(249, 933) 1
(249, 976) 1
(250, 84) 1
(250, 161) 1
(250, 166) 1
(250, 304) 1
(250, 352) 1
(250, 431) 1
(250, 499) 1
(250, 546) 1
(250, 570) 1
(250, 641) 1
(250, 664) 1
(250, 741) 1
(250, 789) 1
(250, 832) 1
(250, 862) 1
(250, 895) 1
(250, 942) 1
(250, 975) 1
