(1, 34) 1
(1, 53) 1
(1, 91) 1
(1, 104) 1
(1, 113) 1
(1, 126) 1
(1, 157) 1
(1, 172) 1
(1, 192) 1
(2, 51) 1
(2, 80) 1
(2, 114) 1
(2, 144) 1
(2, 172) 1
(2, 181) 1
(2, 198) 1
(3, 1) 1
(3, 19) 1
(3, 36) 1
(3, 63) 1
(3, 118) 1
(3, 166) 1
(3, 183) 1
(3, 190) 1
(4, 18) 1
(4, 37) 1
(4, 50) 1
(4, 68) 1
(4, 102) 1
(4, 119) 1
(4, 140) 1
(4, 158) 1
(4, 183) 1
(4, 192) 1
(5, 38) 1
(5, 69) 1
(5, 91) 1
(5, 115) 1
(5, 173) 1
(5, 184) 1
(5, 189) 1
(6, 2) 1
(6, 21) 1
(6, 39) 1
(6, 103) 1
(6, 116) 1
(6, 137) 1
(6, 149) 1
(6, 162) 1
(6, 184) 1
(6, 193) 1
(7, 18) 1
(7, 40) 1
(7, 55) 1
(7, 69) 1
(7, 79) 1
(7, 93) 1
(7, 107) 1
(7, 138) 1
(7, 151) 1
(7, 182) 1
(7, 193) 1
(8, 22) 1
(8, 52) 1
(8, 70) 1
(8, 81) 1
(8, 94) 1
(8, 132) 1
(8, 141) 1
(8, 163) 1
(8, 169) 1
(8, 183) 1
(8, 193) 1
(9, 3) 1
(9, 23) 1
(9, 42) 1
(9, 53) 1
(9, 71) 1
(9, 80) 1
(9, 92) 1
(9, 154) 1
(9, 163) 1
(9, 170) 1
(9, 184) 1
(9, 194) 1
(10, 19) 1
(10, 43) 1
(10, 81) 1
(10, 89) 1
(10, 106) 1
(10, 120) 1
(10, 131) 1
(10, 145) 1
(10, 149) 1
(10, 164) 1
(10, 173) 1
(10, 180) 1
(10, 192) 1
(11, 24) 1
(11, 37) 1
(11, 56) 1
(11, 79) 1
(11, 94) 1
(11, 103) 1
(11, 118) 1
(11, 143) 1
(11, 174) 1
(11, 179) 1
(11, 194) 1
(12, 4) 1
(12, 25) 1
(12, 41) 1
(12, 57) 1
(12, 82) 1
(12, 95) 1
(12, 121) 1
(12, 134) 1
(12, 165) 1
(12, 171) 1
(12, 194) 1
(13, 19) 1
(13, 38) 1
(13, 67) 1
(13, 93) 1
(13, 104) 1
(13, 133) 1
(13, 160) 1
(13, 174) 1
(13, 195) 1
(14, 44) 1
(14, 57) 1
(14, 64) 1
(14, 84) 1
(14, 94) 1
(14, 120) 1
(14, 140) 1
(14, 150) 1
(14, 166) 1
(14, 175) 1
(14, 184) 1
(14, 195) 1
(15, 5) 1
(15, 40) 1
(15, 59) 1
(15, 68) 1
(15, 85) 1
(15, 96) 1
(15, 106) 1
(15, 116) 1
(15, 132) 1
(15, 175) 1
(15, 178) 1
(15, 194) 1
(16, 20) 1
(16, 42) 1
(16, 54) 1
(16, 70) 1
(16, 83) 1
(16, 105) 1
(16, 139) 1
(16, 153) 1
(16, 176) 1
(16, 185) 1
(16, 195) 1
(17, 25) 1
(17, 35) 1
(17, 69) 1
(17, 108) 1
(17, 118) 1
(17, 129) 1
(17, 145) 1
(17, 162) 1
(17, 196) 1
(18, 6) 1
(18, 43) 1
(18, 59) 1
(18, 82) 1
(18, 97) 1
(18, 130) 1
(18, 143) 1
(18, 154) 1
(18, 176) 1
(18, 186) 1
(18, 196) 1
(18, 200) 1
(19, 20) 1
(19, 55) 1
(19, 84) 1
(19, 122) 1
(19, 132) 1
(19, 167) 1
(19, 186) 1
(19, 191) 1
(19, 199) 1
(20, 26) 1
(20, 45) 1
(20, 60) 1
(20, 70) 1
(20, 80) 1
(20, 119) 1
(20, 135) 1
(20, 156) 1
(20, 174) 1
(20, 180) 1
(20, 196) 1
(21, 7) 1
(21, 41) 1
(21, 59) 1
(21, 83) 1
(21, 98) 1
(21, 123) 1
(21, 131) 1
(21, 147) 1
(21, 150) 1
(21, 158) 1
(21, 172) 1
(21, 179) 1
(21, 193) 1
(22, 43) 1
(22, 52) 1
(22, 71) 1
(22, 83) 1
(22, 96) 1
(22, 110) 1
(22, 121) 1
(22, 140) 1
(22, 151) 1
(22, 167) 1
(22, 187) 1
(22, 197) 1
(23, 27) 1
(23, 46) 1
(23, 54) 1
(23, 76) 1
(23, 93) 1
(23, 120) 1
(23, 129) 1
(23, 147) 1
(23, 157) 1
(23, 177) 1
(23, 183) 1
(23, 197) 1
(24, 8) 1
(24, 30) 1
(24, 45) 1
(24, 61) 1
(24, 69) 1
(24, 86) 1
(24, 95) 1
(24, 123) 1
(24, 144) 1
(24, 154) 1
(24, 164) 1
(24, 175) 1
(24, 185) 1
(24, 197) 1
(25, 21) 1
(25, 47) 1
(25, 57) 1
(25, 72) 1
(25, 85) 1
(25, 97) 1
(25, 118) 1
(25, 146) 1
(25, 153) 1
(25, 177) 1
(25, 187) 1
(25, 192) 1
(26, 9) 1
(26, 84) 1
(26, 98) 1
(26, 106) 1
(26, 121) 1
(26, 133) 1
(26, 157) 1
(26, 168) 1
(26, 182) 1
(26, 198) 1
(27, 9) 1
(27, 32) 1
(27, 40) 1
(27, 61) 1
(27, 74) 1
(27, 87) 1
(27, 99) 1
(27, 108) 1
(27, 136) 1
(27, 147) 1
(27, 152) 1
(27, 163) 1
(27, 171) 1
(27, 187) 1
(27, 195) 1
(28, 22) 1
(28, 46) 1
(28, 85) 1
(28, 95) 1
(28, 110) 1
(28, 131) 1
(28, 148) 1
(28, 156) 1
(28, 166) 1
(28, 176) 1
(28, 188) 1
(28, 198) 1
(29, 10) 1
(29, 26) 1
(29, 37) 1
(29, 71) 1
(29, 86) 1
(29, 97) 1
(29, 125) 1
(29, 134) 1
(29, 157) 1
(29, 161) 1
(29, 188) 1
(29, 193) 1
(29, 195) 1
(30, 10) 1
(30, 31) 1
(30, 48) 1
(30, 58) 1
(30, 82) 1
(30, 111) 1
(30, 126) 1
(30, 132) 1
(30, 148) 1
(30, 158) 1
(30, 168) 1
(30, 174) 1
(30, 184) 1
(30, 197) 1
(31, 22) 1
(31, 38) 1
(31, 60) 1
(31, 79) 1
(31, 99) 1
(31, 109) 1
(31, 123) 1
(31, 134) 1
(31, 149) 1
(31, 159) 1
(31, 168) 1
(31, 186) 1
(31, 190) 1
(32, 28) 1
(32, 47) 1
(32, 63) 1
(32, 73) 1
(32, 87) 1
(32, 100) 1
(32, 107) 1
(32, 150) 1
(32, 155) 1
(32, 167) 1
(32, 188) 1
(32, 196) 1
(33, 11) 1
(33, 30) 1
(33, 48) 1
(33, 74) 1
(33, 81) 1
(33, 127) 1
(33, 135) 1
(33, 165) 1
(33, 178) 1
(33, 188) 1
(33, 191) 1
(34, 36) 1
(34, 62) 1
(34, 100) 1
(34, 113) 1
(34, 122) 1
(34, 135) 1
(34, 149) 1
(34, 169) 1
(34, 179) 1
(34, 187) 1
(34, 198) 1
(35, 27) 1
(35, 47) 1
(35, 56) 1
(35, 74) 1
(35, 88) 1
(35, 114) 1
(35, 121) 1
(35, 145) 1
(35, 158) 1
(35, 175) 1
(35, 199) 1
(36, 12) 1
(36, 33) 1
(36, 99) 1
(36, 125) 1
(36, 139) 1
(36, 146) 1
(36, 154) 1
(36, 165) 1
(36, 179) 1
(36, 189) 1
(36, 199) 1
(37, 13) 1
(37, 23) 1
(37, 44) 1
(37, 65) 1
(37, 76) 1
(37, 87) 1
(37, 98) 1
(37, 110) 1
(37, 126) 1
(37, 143) 1
(37, 159) 1
(37, 169) 1
(37, 173) 1
(37, 199) 1
(38, 29) 1
(38, 48) 1
(38, 56) 1
(38, 77) 1
(38, 86) 1
(38, 102) 1
(38, 115) 1
(38, 146) 1
(38, 180) 1
(38, 186) 1
(38, 198) 1
(39, 13) 1
(39, 63) 1
(39, 75) 1
(39, 88) 1
(39, 94) 1
(39, 116) 1
(39, 123) 1
(39, 139) 1
(39, 148) 1
(39, 180) 1
(39, 182) 1
(39, 200) 1
(40, 24) 1
(40, 49) 1
(40, 62) 1
(40, 89) 1
(40, 101) 1
(40, 111) 1
(40, 127) 1
(40, 136) 1
(40, 150) 1
(40, 161) 1
(40, 170) 1
(40, 189) 1
(40, 200) 1
(41, 29) 1
(41, 39) 1
(41, 66) 1
(41, 78) 1
(41, 90) 1
(41, 100) 1
(41, 112) 1
(41, 126) 1
(41, 140) 1
(41, 147) 1
(41, 156) 1
(41, 164) 1
(41, 181) 1
(41, 189) 1
(41, 194) 1
(42, 14) 1
(42, 30) 1
(42, 35) 1
(42, 85) 1
(42, 113) 1
(42, 125) 1
(42, 152) 1
(42, 158) 1
(42, 167) 1
(42, 181) 1
(42, 200) 1
(43, 24) 1
(43, 42) 1
(43, 72) 1
(43, 90) 1
(43, 102) 1
(43, 113) 1
(43, 128) 1
(43, 137) 1
(43, 145) 1
(43, 159) 1
(43, 171) 1
(43, 182) 1
(43, 188) 1
(43, 197) 1
(44, 31) 1
(44, 50) 1
(44, 65) 1
(44, 104) 1
(44, 115) 1
(44, 122) 1
(44, 141) 1
(44, 144) 1
(44, 161) 1
(44, 165) 1
(44, 177) 1
(44, 190) 1
(44, 196) 1
(45, 15) 1
(45, 45) 1
(45, 66) 1
(45, 76) 1
(45, 91) 1
(45, 103) 1
(45, 114) 1
(45, 124) 1
(45, 142) 1
(45, 151) 1
(45, 160) 1
(45, 171) 1
(45, 178) 1
(45, 190) 1
(45, 200) 1
(46, 25) 1
(46, 50) 1
(46, 66) 1
(46, 77) 1
(46, 89) 1
(46, 105) 1
(46, 116) 1
(46, 128) 1
(46, 138) 1
(46, 157) 1
(46, 169) 1
(46, 174) 1
(46, 191) 1
(47, 16) 1
(47, 32) 1
(47, 51) 1
(47, 64) 1
(47, 78) 1
(47, 91) 1
(47, 97) 1
(47, 117) 1
(47, 129) 1
(47, 141) 1
(47, 149) 1
(47, 155) 1
(47, 170) 1
(47, 182) 1
(47, 185) 1
(47, 199) 1
(48, 16) 1
(48, 34) 1
(48, 46) 1
(48, 67) 1
(48, 73) 1
(48, 88) 1
(48, 102) 1
(48, 112) 1
(48, 130) 1
(48, 152) 1
(48, 161) 1
(48, 168) 1
(48, 179) 1
(48, 191) 1
(49, 28) 1
(49, 44) 1
(49, 61) 1
(49, 75) 1
(49, 90) 1
(49, 101) 1
(49, 115) 1
(49, 125) 1
(49, 142) 1
(49, 153) 1
(49, 162) 1
(49, 172) 1
(49, 183) 1
(49, 191) 1
(50, 17) 1
(50, 33) 1
(50, 52) 1
(50, 67) 1
(50, 77) 1
(50, 92) 1
(50, 100) 1
(50, 117) 1
(50, 127) 1
(50, 143) 1
(50, 148) 1
(50, 162) 1
(50, 171) 1
(50, 175) 1
(50, 192) 1
