#usage:
# <rows> <cols> <degrees> <distribution>
# eg:
# 100 300   2,3,5  0.2,0.5,0.3  
# sum of degree distribution should be 1.0
#100 300   2,3,5  0.2,0.5,0.3
#3000 7000  3,4,5,7  0.2,0.3,0.3,0.2 
#1000  4000   3,4,5   0.3,0.3,0.4 
#256  512  2,4,5   0.1,0.5,0.4
#32  64  2,3,4   0.1,0.5,0.4
#50  500  2,3,4   0.1,0.5,0.4
#40  5000  4,5,7  0.2,0.5,0.3  #not enough girth
#40 4000  3,30  0.5,0.5
#32 128   4,5,7  0.2,0.5,0.3 
#32 1024  3,4  0.5,0.5
#21 210  3,4,5   0.3,0.3,0.4 
#28  128   3,4,5   0.3,0.3,0.4 
#21  42  3,6  0.5,0.5
#400  800  3,4,5  0.3,0.4,0.3
#100  300  3,4,5  0.3,0.4,0.3
#400  4000  3,4,5  0.3,0.4,0.3
#250  1000 3,4,5,7  0.2,0.3,0.3,0.2 
#128 512   4,5,7  0.2,0.5,0.3 
#50 200   3,4,5  0.3,0.4,0.3
#16 32 3,6 0.5,0.5
#128 256  3,6  0.5,0.5
#128 256  3,4,5   0.3,0.5,0.2
#256 512 3,6  0.5,0.5
256 512 3,4,5   0.3,0.5,0.2